lambda = 0.999 delta = 0.8
|v| <= 300
|w| <= 50
|x| e |r| <= 15

=== Resultados da otimização (versão simétrica) ===
Status: OTHER_LIMIT

=== Matriz F (Poliedro) ===
0.0003206146021400819	0.00020121811276720602	-1.5667814981179152e-5	2.4983721648716195e-5
-0.00032321451444593187	-0.000712720706799945	1.7398470793446096e-5	0.0001544414822386279
4.028086024869891e-5	9.20080137523959e-5	-1.871631430374958e-6	-2.0243576477985132e-5
0.00011394112643871497	-0.0009243274911068664	6.7151210957639156e-6	0.0006777862491133419
-0.038359920181324066	-0.21287062803446402	0.006675444507231043	2.734821333880681e-6
0.00042717475107599773	0.0010218071723065384	-2.0981736416032525e-5	-0.00019752341244545042
0.2824739311279931	0.27084569377426415	-0.01220346139428427	-0.00870577548898427
-0.0001053576649303068	0.002040614737452089	0.0032557752846047376	-0.002688429351721122
-3.233908450709592e-5	-0.0001980388797988251	1.607672529351282e-6	4.670740721011686e-5
-0.049531137739967784	-0.04964885533246742	0.0016347169421177597	0.0032266276566555747
0.0007816426069756635	-0.044486013120222795	0.0013114987010564494	0.05018436653849899
-9.709953054108243e-5	0.00029202190184667953	6.092967800424248e-6	-0.00017411322277687187
0.00022771987079751952	-0.001368815435626203	5.654114134161563e-5	-0.0007672834904144014
4.4344132661168476e-5	2.515883454039335e-5	0.003333051513137936	6.500961812114026e-6
-7.56416260662256e-5	-0.0003233594734601539	3.1316657122999396e-6	0.00011182454349288223
0.00034659780780846994	0.00048467017835874144	-1.8920668480538853e-5	-3.0271653687790823e-5
0.0022310949101928797	0.002268176331462331	-0.00010334789315021741	-0.000112540678562594
-0.00011697767030564854	0.0003320739678918963	5.217259971405508e-6	-0.00019052366690731855
-0.001951326841917192	-0.010178914748738985	0.00017838086782312874	0.0002295178085555284
0.007422487081812176	0.011518553983252465	-0.000444091411611135	-0.004488464039943563

=== Matriz G (Ganho do controlador) ===
-0.980890422699859	-1.0087518020177322	0.045941476952473304	0.10651562203442105

=== Matriz K (Variável auxiliar) ===
-0.18835146502094982	-0.1663262190181111	0.00788502803083638	0.020239183679416257
-0.004230198015253242	-0.008394189452552558	2.4952850978515913e-5	-6.405573533242166e-5
0.00203464569527497	0.04104327254374469	-0.011383733834466241	-0.028971473920037363
-0.0009327947615409205	-0.005180583827178976	7.23224195534557e-5	7.508272523773122e-5

=== Matriz J (Pseudo inversa) ===
-1718.8107732509204	-3006.5562536759185	445.35764696610573	-7093.636487524444	183.30632094479233	4970.049024735222	-6087.847131389944	-3399.8324184715702	-1498.8516757922669	-34869.89201755062	1156.8107233660983	4274.95492214201	-20.61466866601588	-2672.9637032666947	-2290.6633202184325	356.7564065055284	-416.08575999684246	4389.776438886674	9.969912350187352	-110.11686783407959
-74.60365496022085	1543.760246034775	128.38318164928634	-1298.7295642060158	4076.5317017140555	1421.8146787671556	-74.35560137738096	-2255.398112738152	-823.4929300082251	-82.89122910788402	295.2142010514017	-422.5939267299875	-272.1338131702587	-1559.391734611565	-384.23569357097887	-267.31652767809146	-191.22371582238824	-935.7860228465981	-88440.05068062143	98.61601041571147
-122.35739573685794	4207.83582030017	27.87519393848911	-5454.91749226363	-3492.3969462455498	-1894.2236570075765	797.0978671382422	484.720460204041	670.1520812958024	-352.5658418523357	-1902.722518417291	4387.211143502243	115579.84236655735	795.7911492934618	-1270.3414741862684	-5442.556664607582	-2931.8964890333314	1002.4628101683824	40867.51936512691	-41756.344571765374
-3031.4052473839974	1838.8300450967033	130.197223626958	-5332.608301601862	-196.3385926133132	3116.6965151685745	1635.7817073808367	-625.7429106157698	-1557.0810223681628	-383.95962395418235	-5294.135599349191	2967.4462127952297	349.93396004801957	623.8734452471086	-298.3956645268542	-1994.9710403006436	-5007.283128517446	1191.6839496231787	193.26407819637666	-63485.21545158932

=== Matriz H (Farkas - diferença Hp - Hm) ===
9.11478518244354e-6	8.357501286141572e-6	-1.1759036500445103e-6	3.7582038075125064e-5	0.0004114109976427506	-1.3646216974613594e-5	0.0009546251672625196	-0.0006841043360748967	4.7499577910956395e-6	-2.6724814219333988e-5	0.0005000260160548699	-1.5894721237883457e-5	-5.020834394257358e-6	-0.0007166749309606051	7.082959271936459e-6	1.5779167255747933e-6	3.7700090126228415e-5	-1.654500678429597e-5	4.983356047549934e-5	-3.0891546863672306e-5
6.865412141734799e-6	2.330810261548695e-5	-2.2042572883325742e-6	5.2072921270071744e-5	0.0015226797743831798	-2.271947767007801e-5	-0.0006897209267635023	-0.0011865022431386662	5.3960041655346305e-6	0.00037619907613432174	0.0022581775370408346	-2.4054852861367382e-5	-2.1944221670326496e-5	-0.001103938989061519	1.4425568074452264e-5	-3.766402147354145e-6	1.2530161334431238e-5	-2.7921475091183603e-5	0.0001262648534604933	-0.00021316024759450262
-1.0326952616084711e-6	-2.734385021707121e-6	3.3934891742470885e-7	-8.583750125371048e-6	-0.00020219757941397458	3.7062570561064573e-6	8.289771380256671e-5	0.00020451249577172793	-9.77906959447744e-7	-5.6248513843767944e-5	-0.0002910035246951664	3.48565782840992e-6	3.2254284496593608e-6	0.0001922777558230112	-2.1315721009948843e-6	3.476740591864397e-7	-1.0837475997449442e-6	3.7601080683331498e-6	-1.8889468493696326e-5	2.854844690222333e-5
2.0885937386791453e-5	3.8184275212700854e-5	-4.954465052926446e-6	0.0001502515833519194	0.0026529226390894283	-5.353870924792222e-5	0.0006791865428633489	-0.0027117223218151255	1.5576019341862965e-5	0.0006589110706634385	0.01076539681355071	-5.248681161960488e-5	-6.005992023607517e-5	-0.002444420469716553	2.7732051253654896e-5	-2.697852060945527e-6	6.171265282911044e-5	-5.6625862114236154e-5	0.000248844587376321	-0.0004781014102476751
2.604916226186519e-9	6.6524256614917355e-9	-8.447467518343952e-10	-9.005765859170283e-10	0.9317649202817727	-8.268095047409366e-9	-0.0007670565068401347	3.9026323950899094e-7	2.4541564892588433e-9	5.508435365963591e-9	0.04730916198952091	-7.324307153170869e-9	-2.0238785743175076e-10	4.6152554784813634e-7	4.860991580859249e-9	-1.0636789837840198e-9	-2.1780449968741167e-9	-8.425787822507526e-9	3.202946806108371e-8	-9.440310174729362e-8
-1.19168893642288e-5	-2.2708994673655697e-5	3.2769862753521603e-6	-8.938104804903212e-5	-0.0024550547886322445	3.591693647550867e-5	0.0008421789114616083	0.0021747823993955194	-1.0526827625493597e-5	-0.0005934089130234382	-0.0028307340757523737	3.2699402125334516e-5	2.4475993864417345e-5	0.0020741869698821325	-1.8158202097046452e-5	2.0979004110655355e-6	-1.907219819400393e-5	3.4094879456466123e-5	-0.000208618236007963	0.00027133251110025933
-4.501598903167424e-8	-5.799454305074545e-8	7.406507697759186e-9	-7.843428985277979e-8	5.827143461381803e-6	7.110020785888702e-8	0.8055828883545267	2.310894930251284e-7	-2.5669271408750406e-8	-4.0808716462016023e-7	-1.0221874089653378e-6	7.367424360677108e-8	3.810660415467661e-8	1.110459937418511e-7	-4.680862299967936e-8	-4.444233679385389e-9	-7.399388259351566e-8	7.502966590090346e-8	-3.891795965183229e-8	1.0451566992961125e-7
2.06958813570333e-7	-1.20834260811643e-7	5.573392229344797e-8	-1.0594261265134744e-6	-0.00010763191323025315	4.209090082221955e-7	-9.84538693869508e-5	0.23623760473534147	-1.0626652837585548e-7	-1.9767826557718133e-5	-1.510406627287511e-5	8.132845626036042e-8	2.2981999352926843e-7	0.7352439355295972	-2.1137245273288236e-7	1.4192318489976636e-7	1.112932893819074e-5	8.325928354631286e-8	-7.798232997221921e-6	2.8435704048071953e-6
4.716496600147384e-6	6.758998101812075e-6	-1.0896213398191301e-6	2.9333356125695216e-5	0.0006878579389018955	-1.2123465269046549e-5	7.076143504856393e-6	-0.0006594301703469665	3.788019712573816e-6	0.00012856015868567636	0.0006927418654962079	-1.1239668636824421e-5	-5.759982845656569e-6	-0.0006416279749150789	6.2015209476408775e-6	-1.0898269374275127e-7	1.090352085573662e-5	-1.1505929278085233e-5	6.166014121338024e-5	-6.616638551546448e-5
1.112264836167394e-5	5.788045396678404e-5	-7.129900978127858e-6	0.00012204250635935651	0.0044609773844111154	-7.968855288851672e-5	-0.14033274564251608	-0.08331387366781644	1.794384352426983e-5	0.003358030824412579	0.01788044885973669	-5.591061573013631e-5	-0.00011967996754375185	-0.08311939034925571	3.311116973398094e-5	-1.7548877725223275e-5	-2.916896860113115e-5	-5.900856544087049e-5	0.0005451332887051979	-0.0007949528589790023
6.873418810046531e-9	9.67846343337488e-9	-1.2768367594925482e-9	4.510498097487464e-8	0.035069857192448615	-1.4309309036260854e-8	1.0584845003098008e-5	9.407031469976322e-8	4.524003764914538e-9	-3.6595018559422813e-7	0.8127486664908132	-1.533959175165675e-8	5.1011957997227225e-9	3.8732814016242385e-7	7.807790218140887e-9	2.7257295945460216e-11	1.9278404545090244e-8	-1.705726126860578e-8	5.5572633209759116e-8	-9.584500465697102e-8
-1.3198027191847587e-5	-2.3802161797033088e-5	2.8390873571763203e-6	-7.9787737896732e-5	-0.001293660608976825	2.968596966656297e-5	-0.0004755149082458724	0.0018880867417654839	-8.73152443444259e-6	-0.000356412994472163	-0.0026776234282322635	3.342843415521119e-5	3.2446601275971064e-5	0.0018028890493382117	-1.7070832449519145e-5	8.896588215602519e-7	-3.535947788679047e-5	3.597157597121786e-5	-0.00014532766704014426	0.0002288399642181903
-2.646191297654178e-6	-1.5300278908993332e-5	2.329376741153598e-6	-9.127161835662673e-5	0.01142363877477176	2.046808646452916e-5	0.0018807080121776946	0.0033527529790288776	-4.560850998982027e-6	-0.0010150523512347642	-0.010978043761809263	2.195777187557861e-5	0.0002271750717704286	0.0029041631509579167	-1.3417755385506693e-5	-5.843046400541563e-8	1.8101591720654647e-5	2.1441927940252063e-5	0.00018839763821489053	0.0006285774640850429
9.790419680701188e-9	6.831738943631358e-9	-9.088728753547749e-10	4.343778299907287e-8	0.0006946485843786895	-1.0536214069625464e-8	6.418488413089158e-8	6.633223380251719e-7	4.233877386016804e-9	-4.824535835666608e-6	0.03124742835861665	-1.6292917909591878e-8	9.829739009375737e-9	0.9647434992926028	7.065800395718316e-9	3.098913545302284e-9	4.3036922555075115e-8	-1.8199063144577757e-8	-1.4954618094264108e-9	1.3649240338868305e-8
6.293710179306952e-6	1.7812589903850456e-5	-1.801410702808627e-6	4.9261871466940374e-5	0.0008676115438881887	-2.1604122750311372e-5	-8.157503879285995e-5	-0.001085601741689625	5.073397698969646e-6	0.00023843611671413995	0.0016716848811389193	-2.2199075002036356e-5	-2.0047402265633597e-5	-0.001004399258664343	1.2316862058947727e-5	-1.3374233539384037e-6	8.573524187377099e-6	-2.4626050320934734e-5	9.007615848002568e-5	-0.0001505165518183348
2.5781441077192893e-6	-3.0521045385990472e-6	2.2021129078737822e-7	2.7037327021408805e-6	-0.000720188184136699	2.1891392459009312e-6	0.0008747346459730947	5.682485500012758e-5	9.658953294307271e-8	-0.00017551883756986974	-0.00035021249591896033	-1.3822057583308053e-6	-1.9032669317641665e-6	3.371616341167529e-5	-9.748808221113694e-7	2.5643655742896287e-6	1.5258389819107314e-5	-5.391484697884683e-7	-3.676679054780141e-5	5.118061704917961e-5
2.445481213215854e-5	8.749024679072757e-6	-7.568651590973349e-7	4.724821656957104e-5	-0.0005104640389334159	-1.3406486441215094e-5	0.0062040691117251625	-0.00040269695593341676	6.507398716084668e-6	-0.0005765900801449992	-0.0007859454312225261	-2.6010730996930444e-5	8.631941161165758e-6	-0.000550852465110825	5.210711141450698e-6	7.842080288425306e-6	0.00012179976571094746	-2.58929664336471e-5	-2.313099349229679e-6	0.00014383812279698122
-1.3827079970548523e-5	-2.897955663216413e-5	3.213200476638936e-6	-8.622970393848146e-5	-0.001534991186580856	3.349179542477647e-5	-0.0005574759449892483	0.0018923624080019047	-9.567742882740822e-6	-0.00034838887726616405	-0.0029670537005559647	3.799371249168116e-5	3.318475043858921e-5	0.0017865719705957494	-2.0589252253387126e-5	1.6957006955592088e-6	-3.531099016876316e-5	4.159657479732657e-5	-0.00015696758038041304	0.00025153850253271416
2.0595684041405105e-5	4.741319339146132e-5	-6.363202788483603e-6	0.00010792175074823135	0.043008011001959355	-7.355447184063686e-5	-0.00026765314649903563	-0.020330973464915355	1.9772476860859325e-5	0.0016904614156490229	0.0032866258908232212	-5.797416292053787e-5	2.1245918690335208e-5	-0.021262431065281834	3.33113448228832e-5	-1.0207687615226835e-5	1.2267174363833969e-5	-6.154222199062503e-5	0.0008409600462039087	-0.00031599335261059316
-4.975198163869807e-6	-4.588398081934331e-5	6.173887211567176e-6	-0.00017023063568064566	-0.005917032391535019	6.582520529095116e-5	0.02063577583523582	0.0010076211058681062	-1.5544932257477093e-5	-0.001978337895002619	-0.06887425143766727	4.350815185183692e-5	0.00011393120216488754	0.00045764138831627145	-2.860809501212605e-5	1.5139402150471729e-5	6.203256755758432e-5	4.558051319697529e-5	-0.00029151118680385835	0.0011085529937896145

=== Matriz L (Farkas - diferença Lp - Lm) ===
1.4552832726640388e-6	-7.02145986727909e-7	3.50609427376275e-8	3.291312949752802e-6	4.2775618608823125e-5	-6.182153837949733e-7	1.4704087330542903e-7	-2.526532607130365e-6	4.2051452239875303e-7	8.375385213690509e-7	-2.1994548017002444e-6	-7.390768947193593e-7	5.159888335918086e-7	-1.0719940359443271e-5	-4.889851396780442e-7	7.70244944964249e-7	2.844316237898825e-6	-4.2632208886381195e-8	2.297797425787791e-6	-8.967635069722854e-7
6.893475059466594e-7	-3.2828893018616023e-7	-7.248126594576465e-9	-2.7582355266366626e-7	-3.3014869126888995e-5	-4.833613922580401e-7	1.8746008772271144e-7	-6.617326712509038e-6	1.391108295691751e-7	1.1137376517466116e-6	-1.8824256489934077e-6	-8.861607633577767e-7	-4.886423866593687e-7	-1.292099014701259e-5	4.938914328301777e-7	4.74229995262726e-7	1.2834145871739797e-6	-6.856898774323592e-7	-1.068240391986601e-6	-7.638102019012077e-8
-3.983081658248677e-8	-3.0185480208271e-8	-1.0180774001611326e-9	9.971609399653247e-8	4.066336890145607e-6	5.741582923685096e-8	-4.465009232918621e-8	1.649138356690956e-6	-9.39750353923241e-9	-2.677293262079092e-7	4.759186902521251e-7	4.004572928210243e-8	6.516463406467526e-8	1.9083250397235532e-6	-4.4963307270148856e-9	-1.3536100886002433e-8	-1.0502455349142847e-7	2.5109805391193563e-8	1.076675650683867e-7	-4.031350755648311e-8
1.3760700065578238e-6	-1.7555767504286515e-6	5.969836222845942e-8	2.1601178501143986e-6	2.7749767104475083e-5	-4.2984543574629136e-7	1.3627465237685613e-6	-3.790591381539355e-5	5.756367138422952e-7	7.5659343638278045e-6	-5.060573130378533e-6	-5.589969313563731e-7	3.3917423118614426e-7	5.9324220470242245e-6	-6.166243767128168e-7	1.2844398300914522e-6	-6.389200545861909e-7	3.9731501517113743e-7	3.845778874645919e-6	-1.0246441676815127e-6
3.614175955183088e-11	2.3962195146845e-9	-2.632759764496277e-10	-2.062038465618541e-8	3.182791180816722e-5	-2.6327246308504448e-9	2.118724127266969e-8	5.109907677531053e-7	6.934937423798627e-10	-5.873926564328954e-8	0.0014331613514126968	-9.72367725390544e-10	1.662925449334942e-8	5.583579343014581e-7	1.2286861626695175e-9	-1.3267266488993491e-9	-3.88132756234994e-9	-1.6351277192831323e-9	4.5642559233593736e-8	-2.63582566817899e-8
-1.271827135725101e-7	-1.454524393346146e-6	-1.0438627254596988e-7	2.6544178066030544e-6	4.134982387689421e-5	-7.824583653573414e-7	-5.851924344052115e-7	1.6674797480129185e-5	5.421233036130568e-7	-3.503836427081429e-6	4.668507751499039e-6	6.30512657969623e-8	7.271349818545325e-7	2.1835868997089128e-5	2.8218506332132465e-7	3.498485932687534e-7	-2.481477775310992e-7	3.6609853318152197e-7	9.326935900087069e-7	-7.417332808894173e-7
-2.4458504476785497e-8	-3.82486937766473e-8	4.948283836578939e-9	-7.588182261673115e-8	0.035742852016729866	5.4045763170213514e-8	7.38089506523945e-7	1.2624908416971017e-7	-1.5986284583792623e-8	-3.969440740857597e-7	-1.3780878729185916e-6	5.92839343441071e-8	6.795063408754222e-8	-3.8408693059737007e-8	-2.865816407848957e-8	2.5772437824063635e-10	-4.8303410862049264e-8	6.32300958158148e-8	-5.89014205546423e-8	1.593757933670633e-7
1.461029578182912e-7	4.1371375088536464e-7	-1.6534869162464238e-8	4.351389581755107e-7	0.0002216752076761193	-2.7854292386554646e-7	9.07691501742948e-7	0.007855824220260908	5.0531813134533266e-8	-1.5943389304546614e-5	0.0023257247022065264	-3.299827343932279e-7	6.830511576635614e-7	0.0021635144246500435	1.325671031923866e-7	-1.0235918074262323e-7	1.763713587025356e-6	-4.2127381628153976e-7	1.3357380508267935e-6	-9.250246595191757e-6
2.885092546195747e-7	1.7752357508657446e-7	2.955465480680708e-8	-3.7656362497986984e-7	-5.251064977337266e-7	3.557202969510509e-8	1.6757625796812864e-7	-5.070698420256772e-6	-3.205733230607355e-8	1.0065071632033712e-6	-1.5812895930947951e-6	-8.792127813989081e-8	-6.648657167786926e-8	-6.9940698050920125e-6	-1.614818907489171e-7	3.901581992465236e-8	5.039830149764987e-7	-2.4270914331277205e-8	2.3799493214984174e-7	8.440037163343767e-8
3.762168093790659e-6	-4.7561753811252785e-6	8.203188481209836e-7	-8.211602994598853e-6	-0.006282015463669378	8.60661674180474e-6	2.1962315656327835e-5	-0.0008238081449313882	-1.7690791527082486e-6	0.0001348511849574921	-0.00035718493641252215	2.3406614687001073e-6	-5.97068955276725e-5	-0.000822856215904041	-4.90543505935262e-6	4.33213498622978e-6	2.4991624113897097e-5	4.459212491461986e-6	-0.00016771659783835872	3.887748753986578e-5
-1.9302275680605017e-8	-1.6199230000288533e-8	2.410052802403532e-9	-7.621576369103628e-8	0.00014799937915459434	2.7681954561915875e-8	1.9735676870951657e-6	-6.513907642340985e-9	-1.0238308295293865e-8	4.797091881747828e-7	0.00031951702070040386	3.4066545840263355e-8	-2.7799168037861867e-8	9.113519376094765e-8	-1.581285266138625e-8	-4.132899261961462e-9	-7.182668942892704e-8	3.7033083082866366e-8	-2.527625870994128e-7	-3.586369294992411e-8
-2.6000463410622357e-6	3.3695155550201444e-7	3.4472640471350235e-9	-2.509948396854471e-6	-1.8939589078791758e-5	2.1497173730749067e-6	-1.6614337001313872e-7	1.2435072539070113e-5	-8.735192004484527e-7	-9.564160210655606e-7	5.262324807490601e-6	2.108058168900917e-6	-2.0974439419139956e-7	2.0729527598890504e-5	1.8511901036816908e-7	-1.4076093246455715e-6	-4.564253212593558e-6	7.977451085905765e-7	-1.3335310970214592e-6	1.2118770794187356e-6
7.194928002066114e-7	2.5606043577239973e-7	-5.164927493507554e-8	2.5391489238257153e-6	9.18490554928349e-5	-1.1124691607789644e-6	-4.19929204402425e-7	2.0522151198277237e-5	3.700913500182326e-7	-3.4608154167864447e-6	2.6776917344911028e-5	-1.0092966497062678e-6	2.059677828317348e-6	2.4557299521629425e-5	2.6933411246578276e-7	3.03027160277608e-7	1.2062625658754156e-6	-7.101858794204829e-7	9.357151253831276e-6	-7.979861028233927e-6
2.7406551232499414e-9	3.2092295694602994e-9	-3.796127591648491e-10	2.257563405466041e-8	0.0002537944631168804	-4.335399497498062e-9	-3.2173215880770966e-7	5.428399946066182e-6	1.4666467304327828e-9	-3.080910871608477e-7	0.001893066119933752	-5.628398389547108e-9	6.3454219761749125e-9	1.4560284953647578e-6	2.694728425757145e-9	3.327860480764767e-10	1.1576664174941391e-8	-6.571021293462092e-9	3.27800898855872e-9	-3.5110218373087174e-8
3.940252482331069e-7	6.41756691284294e-7	-2.972061546174798e-8	-3.968039298425652e-7	-5.187796917375219e-6	-7.964081817747951e-7	1.66208412315412e-7	-9.34732871421106e-6	1.5664265807461414e-7	9.925114684700143e-7	-2.7880794183435254e-6	-8.640647174758959e-7	-1.0968893200593438e-7	-9.111369961244814e-6	4.179584049864016e-7	1.5650657569834386e-7	8.854526646374927e-7	-7.444766649006979e-7	1.787734469748531e-7	6.160123785289157e-8
1.2590033866112862e-6	-5.622749813692304e-7	-2.1037577260102358e-8	3.7247300518974957e-6	4.0069397469227885e-5	-1.1272681230715606e-6	-1.5023387883988243e-7	8.480440948401002e-7	5.353956383531006e-7	-8.903596356163446e-7	-1.0285483836233733e-6	-8.959082534940044e-7	5.645826723441744e-7	-4.890045904124701e-7	-6.694602065673155e-8	6.850728558101954e-7	2.0647921341390707e-6	-2.523327708664827e-7	1.7108080607687245e-6	-7.350823405163215e-7
4.874081470902271e-6	8.716427905251789e-7	2.0636676528133086e-7	2.418419083671103e-6	0.00028082760398615795	-8.593938876817753e-7	2.5426746581951043e-6	-1.8792003443341213e-5	5.021172810358923e-7	1.4646477013736774e-5	-4.761232318709237e-6	-2.2046253433469915e-6	2.442319536961196e-6	1.0820365940488776e-5	-2.102955448789884e-6	1.0763028732473437e-6	2.4957859635531092e-5	-1.0563652187069866e-6	1.628363204678792e-5	-5.814545800677043e-6
-1.8637740281041495e-6	-3.4979896347542283e-7	1.4757778147959921e-8	-1.9076086380902246e-6	-2.2751740612472933e-5	1.4862447099773038e-6	-2.564570094959126e-7	1.2408449622153955e-5	-5.705251532846581e-7	-1.4862360926412924e-6	4.731169456834855e-6	1.9324815464915462e-6	-2.014291275095892e-7	1.9966266549165286e-5	-1.488674283827568e-7	-1.0181113681839715e-6	-3.1586906684890476e-6	1.1596422423119923e-6	-1.616053323718128e-6	6.48963807948176e-7
1.2741000211587833e-6	1.3330980569142142e-6	3.593948812597586e-8	-8.394542909059832e-8	-3.2716347299059645e-5	6.805225767876968e-7	6.0133744798716166e-6	-0.00020696019632001576	-2.408353086793061e-7	3.5479061183864985e-5	-2.6935813536087087e-5	-1.107442894711548e-6	-2.222035366688385e-6	-0.00020930084212475008	4.3263238538957666e-7	1.0332031749517995e-7	3.2897424100024678e-6	-1.2388449076444763e-6	1.344952750343114e-5	2.6593590259473346e-6
-2.3686476320356614e-7	2.077895286689904e-6	-2.820726181266761e-7	1.4501971370550065e-7	0.000917356332604367	-2.754328217267378e-6	1.592156642293667e-6	-5.456245169885125e-5	6.953887114660023e-7	1.0370281339374537e-5	-3.182423066085908e-5	-1.22212568476332e-6	1.1874073801699386e-5	-5.844385937728118e-5	1.3594360525042565e-6	-1.2120788366858787e-6	-8.445205679384268e-7	-1.85538020877965e-6	4.40813580918362e-5	4.969593222804713e-7

=== Matriz M (Farkas - diferença Mp - Mm) ===
-5.3616916614006305e-8	4.963024598930721e-9	-3.0419192217218116e-9	6.810497744881225e-8	1.4981852520467263e-6	-3.124148836766011e-9	-4.6967157515996963e-7	-2.4705686388383497e-6	-4.565375417119044e-9	5.536642968951948e-7	4.366839243051361e-7	6.048999218275647e-8	-3.3195515650522034e-9	-2.7180583424195152e-6	8.862602614897325e-9	-4.155483676344246e-8	-7.572980943943222e-8	3.768640791492264e-8	1.7980464379202532e-7	-3.970246787539031e-8
-9.122473858085012e-8	-9.865941191875699e-8	1.607242704898537e-8	-8.622834009276367e-8	-2.5279105116239944e-6	2.4629466171708844e-7	1.734172563683592e-7	3.103748247115269e-6	-7.592081665641973e-8	-5.38508631981599e-7	-5.1681610907950565e-8	2.1592406182274412e-7	-1.0220373556583257e-8	3.0305624406693453e-6	-3.6331195767038554e-7	-4.654161789340375e-8	-1.5634670427798827e-7	1.6938429738813307e-7	-2.6222234243179765e-7	4.596228819157139e-8
-6.269913750949624e-9	1.865967977788402e-9	-3.720921292436896e-10	-1.4532537579575733e-8	3.279263715628457e-7	-1.7360081167733243e-10	-1.849660137900888e-8	-4.0612320590088097e-7	-8.63452081101973e-10	7.709557182759841e-8	2.853797765375171e-9	3.751910845374573e-9	1.2306850482278475e-9	-3.769057266931469e-7	4.256846318148599e-9	-3.9345193990868166e-9	-1.0933788814875695e-8	8.600088566637631e-10	3.2723664882862435e-8	1.4867978172412866e-9
-1.483360231916385e-7	4.2428125367199865e-8	-3.888903455338821e-9	-4.0998168916207833e-7	-7.555783270683791e-7	3.9369179138503546e-8	-5.349459856339618e-7	1.371015160749403e-7	-3.483051054953973e-8	2.783892241939312e-7	7.496664473499726e-7	1.245572582870419e-7	-2.525307824050721e-8	-7.907498650182483e-7	6.686371866772289e-9	-1.0995281091033884e-7	-1.4611807295974305e-7	6.54599578539701e-8	-3.750171578657813e-9	4.4859021007797456e-8
1.1693459481863777e-8	6.350656214869413e-9	-9.631193135512302e-10	2.575618562306578e-8	-0.0005337031321697977	-1.1519512115704902e-8	-8.894657571301936e-5	-6.046582684090251e-7	4.91256154051439e-9	-3.8030638018810573e-7	-4.005253020437619e-6	-1.775210443893805e-8	1.2858880463620186e-8	-6.606370937691489e-7	7.302266646895215e-9	4.106183712104277e-9	4.745090424768971e-8	-1.9049661797595885e-8	2.655498446458326e-8	1.3957437303517707e-7
2.4564266960791503e-8	1.3608560872884617e-7	-6.177646297723244e-9	1.0121219599446354e-7	3.602061006757057e-6	-1.1170204341874601e-7	-1.6488903232343352e-7	-4.333225926203121e-6	8.401848671651946e-9	6.91525173546724e-7	-1.2648393509645528e-8	-1.3886314902599936e-7	1.7230095689622915e-8	-4.041920532351501e-6	9.488050939712722e-8	-1.059967487913871e-8	2.4096392478144962e-8	-1.3606487695664443e-7	3.522665491775996e-7	-2.8754648165579128e-8
2.7994591920115855e-8	1.6953686815852956e-8	-2.52911253697052e-9	-2.929383223824522e-8	0.0015858937332923193	-2.4487261507215392e-8	-0.00044251897435831537	-0.003439377434389517	1.1652157852406754e-8	-1.2449590942378373e-7	0.00021844749817377155	-3.988813370822137e-8	1.974331097043885e-8	-0.0009616450881421671	2.1578127184909827e-8	1.1029018712826398e-8	6.687920161172475e-8	-4.121198617809544e-8	-4.334106271942357e-8	1.2235656718435183e-7
6.744672717328364e-8	1.4418309530756234e-7	-2.455437934670789e-8	3.441062710569454e-7	5.917033856864551e-5	-2.801837281577664e-7	-5.361266549140099e-6	-5.9413013170262246e-5	8.491823491300633e-8	7.68951994831408e-6	-1.1334036936098559e-5	-1.9078183241477773e-7	5.033560369539796e-7	-6.327796560335853e-5	1.196757834162157e-7	-3.752800921358817e-8	-6.733784600259577e-8	-1.9956051858064267e-7	4.106329653399587e-6	5.435695018173457e-7
6.861729942922445e-10	-1.5760453955359494e-8	-8.191907052874925e-10	5.719318534264453e-8	-5.354453956967452e-7	-1.1362533073721454e-8	-6.909064925904318e-8	5.020176358006868e-7	6.777188289730507e-9	-7.234397613473456e-8	9.203153210823531e-8	1.0996753950151539e-8	-4.388624916164957e-9	3.5999980555444233e-7	-3.317288927925932e-9	1.1361472504987924e-9	6.496728108609795e-9	1.5544948165063105e-8	-4.612555918161523e-8	-1.3553922220254505e-8
-8.342221424740247e-7	-1.86267638468832e-6	2.771912396355887e-7	-4.317015419654912e-6	-0.00028733264749681415	3.1431132324795386e-6	6.259254075628978e-5	0.00043561682669105003	-8.930225011412156e-7	-8.752596917537426e-5	-4.3047508797490735e-5	2.311601674128555e-6	3.436330333868656e-8	0.0004414479075412006	-1.2683146498266087e-6	4.427045501879598e-7	-8.953759407536767e-7	2.367458213615569e-6	-3.198846299577946e-5	7.434565027976837e-6
1.1851299397562613e-7	-8.008221490379913e-9	-4.123053465959677e-10	1.3747829801530504e-7	1.5403245170500236e-6	-6.880435872172735e-9	-4.728762367571372e-6	5.216574814599637e-7	2.2781684790090274e-8	6.152452402914991e-9	-6.564167628468035e-9	-1.346966951929389e-7	-3.714389592158135e-7	-3.709914291469753e-8	3.7414808812470336e-8	8.578898566214175e-8	3.080322387827014e-6	-1.3765655400977552e-7	-3.078965208266252e-8	3.71743699061674e-8
-1.0283381865656971e-8	-4.666632996913958e-8	-9.760825856342664e-9	-6.322659362213712e-10	2.473415309923836e-7	-1.430725915085168e-7	3.199107372646101e-7	2.7434173766396897e-7	4.1313361861302494e-8	-1.7190954740417194e-7	-4.197635157091907e-7	-3.2639757499217104e-8	8.50238999474881e-9	5.57498636441587e-7	7.520736130953512e-8	3.928198556799739e-9	-1.3746507698635113e-8	1.0556020484803197e-9	-2.2105971466974267e-8	4.071394572218237e-8
-3.881098910134273e-10	5.79086484320257e-9	-7.232130888081001e-10	2.020190018178422e-8	-2.4658279479910887e-6	-7.594101617512672e-9	-2.165198424754211e-6	-1.908313892463355e-6	1.1400470493853898e-9	7.132874767089466e-7	8.431983959020749e-7	-6.316241034972497e-9	-7.909778289424615e-8	-1.8203098798943475e-6	1.7457517115931909e-9	-2.4696721013725553e-9	-1.1720608502838181e-9	-3.894351658425416e-9	9.227979958122134e-8	-8.006889638421597e-8
-9.244498124382189e-10	-4.1238839925859674e-10	3.5069856732465934e-11	-4.076842606075367e-9	5.228210869188839e-5	4.0061539938799676e-10	-9.041630374505755e-6	8.485783627619671e-9	-2.688711908607917e-10	8.356397696715322e-8	-5.674792594449999e-6	1.2910088028863947e-9	-4.9952856665568425e-9	8.504355670717109e-10	-5.01568099322337e-10	-3.498244310971637e-10	-5.692979827769671e-9	1.6472431010291098e-9	-2.090654704060328e-8	8.649710543130517e-10
3.269863814957252e-8	-4.947801624096901e-8	7.833149556074614e-9	2.3821153821192154e-8	-9.00785181292673e-7	8.823692155407459e-8	-3.477632937436831e-8	9.412803440161932e-7	-1.3284617610825888e-8	-1.2038564313173253e-7	1.055759466829509e-7	3.349238761503337e-8	-5.551315731319034e-9	8.293641431426566e-7	-9.548179021176204e-8	2.2609346970146882e-8	5.935820546199011e-8	4.258865619064314e-8	-8.429464591619418e-8	-2.5013933985761072e-8
6.8867939883796025e-9	2.5841116190871566e-8	-2.282508193302696e-9	1.073363600470785e-7	2.1826682796727975e-6	-2.4606859267209402e-8	-3.266301925749192e-7	-3.0033466676964056e-6	7.638844392102162e-9	5.713048320710352e-7	2.75800065764175e-7	-1.3513637190602085e-8	4.956275668523136e-9	-3.0380269994533665e-6	1.1119269829103912e-8	-4.3543226767306376e-9	2.0480445351352822e-8	-1.5786747921495842e-8	2.3099024513625888e-7	-4.943774377852081e-8
5.150573367373318e-8	7.237280506095997e-8	-1.3305872644583244e-8	8.547619072081167e-7	1.2313851499814142e-5	-1.75237124807031e-7	-2.7739672686303944e-6	-1.8236161617903122e-5	4.969791595702683e-8	3.7469277723383397e-6	2.3671668375924333e-6	-9.840806406823804e-8	-2.4326622242217683e-8	-1.9747031725590985e-5	4.341146286933675e-8	-2.683273628246649e-8	9.484047323090466e-8	-8.558375997908679e-8	1.3905957140679034e-6	-5.717926169586038e-7
7.086728653557528e-9	1.111531793491008e-7	-1.4789844200030489e-8	-9.319058051323117e-8	2.2331160150343074e-7	-2.0209361303522022e-7	3.8775815987051807e-7	3.974653655916191e-7	4.532511055626437e-8	-1.8843243870499474e-7	-4.6627286222431646e-7	-1.3987529008099506e-7	9.735367225913172e-9	7.539669819095138e-7	3.0841177397307115e-7	2.056316132995062e-9	-8.4993929802199e-9	-1.217009721545155e-7	-7.1307636947959274e-9	6.62801584202892e-8
-8.51302245637002e-8	-1.1557704447402034e-7	1.7280952038702807e-8	-4.518382181457718e-7	-2.8293473191483374e-5	2.509926807395084e-7	-4.095919158675354e-6	2.148266872816374e-5	-6.665641535865546e-8	-2.7948257945876326e-6	1.1957412635959196e-6	2.130069148551829e-7	-7.371989303771656e-8	2.1703204315738026e-5	-8.775683185387531e-8	1.902271094551128e-9	-1.6038052099744127e-7	2.0920621053924227e-7	-2.9050742573464607e-6	-1.625442057409665e-7
1.833085769933386e-7	2.4789970487796784e-7	-4.151879738406236e-8	8.252105597496284e-7	4.2629828573777055e-5	-5.068859453183534e-7	-8.641600683179183e-6	-6.36481769303197e-5	1.5371283621293252e-7	1.2692978443451172e-5	6.6038600286945186e-6	-4.0571880866729915e-7	-4.893289179234983e-9	-6.409262459116868e-5	1.910052641598478e-7	-2.5505629092266446e-8	2.642267514850298e-7	-3.795531566238089e-7	4.728057944336245e-6	-1.175472576071552e-6

=== Matriz N (Farkas - diferença Np - Nm) ===
-3.0338024927575175e-7	-1.8713202146105473e-7	3.128502489967849e-8	-1.435395480288426e-7	-4.181186052509139e-8	2.9459564283634485e-7	-4.091203179176859e-5	2.7384900344140477e-6	-1.3817969997951055e-7	7.456333646584622e-6	1.8844952138352168e-5	4.84980759163367e-7	-3.5088831610002175e-7	4.108122527887639e-6	-2.2263789351906552e-7	-9.106508548455128e-8	-1.256333290026914e-6	5.449014059909739e-7	-5.522553648282594e-8	-2.4912020579856593e-6
-3.8206972491437036e-7	-9.082008755175938e-7	8.387466263106574e-8	-7.259197804042154e-7	9.76731468439393e-8	1.1684986390091655e-6	4.400391303627021e-5	-3.364116969863974e-6	-2.7640584860690043e-7	-7.0324836767021205e-6	-1.85729932265029e-5	1.2452364275259732e-6	3.8812242107374995e-7	-3.915166186578556e-6	-7.902828559856745e-7	-3.788962494796766e-8	-8.013885283960145e-7	1.3033009873880327e-6	5.377830574436471e-8	2.949156463853079e-6
2.541843722786083e-8	3.953912365789805e-8	-6.2431020036828044e-9	7.798164289004109e-8	-1.163891535232997e-8	-5.8303970082874274e-8	-5.498352676796235e-6	3.991283845975434e-7	1.9722869038906604e-8	9.106656517479314e-7	2.308215764927103e-6	-6.308814119596398e-8	-4.576757406393739e-8	5.154547081092503e-7	4.333298846527847e-8	-1.3071061333996825e-10	5.5830860065751026e-8	-6.766078408182788e-8	-8.953036314054974e-9	-3.5523060997995695e-7
-1.8077924418945929e-6	-2.2021819450282476e-6	2.855443265665017e-7	-3.047646268118393e-6	7.651759852773596e-8	3.0522997172548368e-6	-9.463987622657186e-6	7.543883142266394e-7	-1.0220992557857106e-6	4.18766869079816e-6	7.529679787083871e-6	3.688472827836301e-6	-6.986710931545029e-8	1.1006895791129678e-6	-1.876765103068622e-6	-2.1611147786029447e-7	-6.203373855807621e-6	4.136315322569341e-6	2.1845275503459827e-8	3.2265872159124506e-7
-1.8409887785794905e-8	3.161714298909318e-8	-3.2786775942481985e-9	-2.9579864079285262e-8	5.749856514318503e-8	-4.8403260700707294e-8	0.0056981676877729545	4.6624671233865824e-7	9.755698434916281e-9	5.4740755350278417e-8	-0.002476744696632908	1.280923702485272e-8	8.993680204610852e-7	3.7322858730094453e-7	3.0898523015123384e-9	-4.293012840305387e-8	-1.2579708570925916e-7	2.2527734573586535e-9	4.23679573317575e-8	-8.862234076064527e-8
3.2823156319479463e-7	7.88398450672894e-7	-8.396812233024686e-8	1.3323162425132352e-6	-1.284905744112358e-7	-1.009155558175448e-6	-5.860205444743532e-5	4.315311734093795e-6	2.4411289692178456e-7	9.4087751452707e-6	2.4446460811889965e-5	-1.027392617786605e-6	-4.914448728716471e-7	5.388858292767421e-6	6.333046480254401e-7	-5.8054314975523186e-8	7.834275256683731e-7	-1.096210881570362e-6	-1.0122367288681669e-7	-3.878995952804731e-6
-2.2839637377703126e-8	6.25093486596329e-8	-1.2364706945150025e-8	-6.913292186282248e-8	-2.7636135787969547e-5	-9.361124329042797e-8	-0.037998808132906244	3.9500656529449e-6	3.494993993988975e-8	5.136412036999456e-7	0.0166047050131909	-1.8494507988078855e-8	1.221488817681665e-6	0.0044507696521863096	3.3039745591361146e-8	-5.882901321733645e-8	-1.6475938915797414e-7	-3.8334213234489355e-8	2.2609189729314305e-8	-2.683627991146387e-7
4.4713442055191e-8	2.596261062752091e-9	-1.3367446036665958e-9	4.853740255490101e-8	2.084396942975277e-8	-2.349132380552308e-8	1.5057793836104458e-5	-9.493983259832074e-7	1.490627447502471e-8	-3.37599697708694e-6	-6.650102225772883e-6	-5.052499978636202e-8	1.4023560794234453e-7	-1.2419340145489483e-6	1.4705284275185913e-8	2.119141576386002e-8	2.4154023238932046e-7	-5.367525346639744e-8	8.165992419459681e-9	1.036455666044842e-6
-1.013575637249034e-7	-1.008130431361283e-7	1.797119281122736e-8	-1.0405552441092661e-7	1.9245732789125586e-8	1.5147763805616055e-7	5.050153017985368e-6	-4.1168864864035704e-7	-6.186559313404658e-8	-7.399032831518701e-7	-1.7714011393585131e-6	2.04386667700205e-7	4.0406261517678815e-8	-4.270374325768961e-7	-1.1525837834624672e-7	-1.1451789159316883e-8	-3.378587396063275e-7	2.290889136251882e-7	1.0299036447888182e-8	3.405772893202291e-7
3.0634072793150717e-6	-7.3067654581633265e-6	8.857998316249248e-7	-2.4621059761260455e-5	7.388157039168661e-6	8.500063071328369e-6	0.006570187248982804	-0.0004159534338659275	-1.1458846917705018e-6	-0.0005102233974793311	-0.0028972623581465184	3.310400991406604e-6	3.5543048823717064e-5	-0.0005555507200943203	-3.66819574915047e-6	4.128501535334474e-6	2.6371234982940084e-5	3.6300619165046018e-6	1.1926968243475191e-5	0.00025683860898892234
-4.6260837581922075e-8	-2.6304136209341637e-8	3.8631066451177365e-9	-1.8600312882269908e-7	-1.3623384608721493e-7	4.200456757308103e-8	1.3967617531735808e-8	2.453667494443662e-7	-1.8032794075137044e-8	1.1913208455250155e-5	8.878930387811494e-7	7.552074366104492e-8	9.832647856031022e-8	3.708735135021604e-8	-3.206407812444667e-8	-2.022351153077915e-8	-2.04559097329794e-7	8.136070820198449e-8	2.6359698692338453e-7	-3.76089938826604e-10
6.709968250443073e-7	8.608729721785828e-7	-1.0595625920444343e-7	1.5884005262630473e-6	-2.994707661496329e-8	-1.3479907766261734e-6	1.0285548217375644e-5	-4.910995638194617e-7	3.817587055959977e-7	-3.0289054090697383e-6	-6.156980229641163e-6	-1.535099415137138e-6	9.406981394451813e-8	-1.3644839670966594e-6	7.825873124069939e-7	8.73304082335026e-8	2.2564751179145887e-6	-1.6165131024661883e-6	-4.0444559342225905e-9	3.0747064393718895e-7
-4.828474338717734e-8	4.230721555378847e-8	-2.933183392353489e-9	1.5400374572685852e-7	-3.579994286781463e-8	-4.2929612461672234e-8	-2.4424498789722086e-5	1.6709277896320707e-6	-5.251307647405334e-9	4.249930996783578e-6	1.0817723928153306e-5	7.310099291515937e-9	-2.0726304688235136e-7	2.4008648931597536e-6	9.332292237162337e-9	-3.912074989561448e-8	-2.7764190338105954e-7	2.2615422822641618e-8	-3.739689733231466e-8	-1.5422667550366725e-6
-1.048891067462213e-8	-1.126311287184905e-8	1.5250572982947528e-9	-4.978254891758e-8	4.19636131247715e-7	1.746868917848479e-8	2.7078242675268296e-7	5.586492432787157e-8	-6.076844718436827e-9	5.5438076025624515e-6	1.4414269166341756e-6	1.9957224023782597e-8	-2.819614354879279e-8	-6.903514094601249e-10	-9.708773840750155e-9	-1.008347668098236e-9	-3.75152593658696e-8	2.236991143120048e-8	-1.451128703943385e-7	4.5193075766627703e-8
-2.924481995016451e-7	-6.211038258117918e-7	5.609436599246509e-8	-8.352095102136768e-7	4.2081181825161934e-8	8.51081242816791e-7	1.1182289697949863e-5	-1.0228057543359113e-6	-1.8582760766142417e-7	-1.3253313603943558e-6	-4.18864262674264e-6	9.193826279716745e-7	9.769965347372969e-8	-7.730347995923807e-7	-6.059304744499699e-7	-3.0649732695852555e-8	-8.000540508432477e-7	9.361497679484694e-7	1.4233283197884194e-8	8.504613827160432e-7
-7.99991103361819e-8	6.460201428925422e-8	-5.8640312028922226e-9	2.7854737060569595e-7	-6.743364360309312e-8	-6.281215589407779e-8	-4.559333512173377e-5	3.1277079077362407e-6	-4.234199046070086e-9	7.957080646169273e-6	2.0223588879688705e-5	5.8030050347889633e-8	-3.8658871234862474e-7	4.477219844838641e-6	2.4103359386531964e-8	-5.597400599185315e-8	-5.255042135371597e-7	6.579311256004958e-8	-6.771485252079004e-8	-2.870108556500897e-6
-2.4268469026220672e-6	-1.992121895676418e-6	2.6889263849165165e-7	-2.7868984344772696e-6	-3.581998060321785e-7	2.9819272491750023e-6	-0.00028894904889810533	2.027675570680145e-5	-1.1444711496885057e-6	5.232082539501472e-5	0.00013075104064038702	4.145373715705187e-6	-2.4281414037641974e-6	2.809619431692889e-5	-1.8877027005677685e-6	-6.080481830062281e-7	-9.680843447788367e-6	4.598242109400425e-6	-3.9209658167591727e-7	-1.6899799378847745e-5
8.875152284000716e-7	1.3842259479579337e-6	-1.4967911422195807e-7	1.6526367805609968e-6	-3.4364643192695554e-8	-1.820690768690545e-6	1.2639806311856312e-5	-5.504569585371849e-7	5.180983881584306e-7	-3.4282074495239033e-6	-7.302432621842693e-6	-2.125263454153415e-6	1.0180276845909303e-7	-1.6798016103337574e-6	1.2741851889079385e-6	1.1731898095362903e-7	2.8162565069455615e-6	-2.2322745354031066e-6	3.3590679552122915e-9	3.371545181716888e-7
3.5468126218700727e-7	-2.8702416781994575e-7	5.0680761563576954e-8	-1.47788516853542e-6	4.2894273307282973e-7	3.3033130157058763e-7	0.0002785624224187146	-1.929622764589283e-5	-3.7028313328284906e-8	-4.820395770655482e-5	-0.00012359077097780918	-1.6727536935635945e-7	2.3788246498509386e-6	-2.709758994840503e-5	-1.695531916040202e-8	3.5749247405229834e-7	2.5598427406100036e-6	-1.5972701517073112e-7	4.1809731663854793e-7	1.761062195424802e-5
-6.922444402202889e-7	2.2762975669474855e-6	-2.832471749417663e-7	5.378862040106725e-6	-1.501018305804895e-6	-2.775258622367445e-6	-0.00097906573931388	6.736809970866271e-5	4.5706894578455975e-7	0.00016463949075170735	0.0004331804375656721	-1.2301364299073698e-6	-8.254606456801518e-6	9.482157282004718e-5	1.1839088697989525e-6	-1.2075690597784967e-6	-6.967374501503244e-6	-1.3551551357958956e-6	-1.4904954225899297e-6	-6.131006824260186e-5

=== Matriz P (Farkas para E - diferença Pp - Pm) ===
3.7475581694352764e-5	-3.7475581694352764e-5
0.00023166222750864354	-0.00023166222750864354
-3.0365365225944185e-5	3.0365365225944185e-5
0.0010166793523689972	-0.0010166793523689972
1.8976012429833478e-6	-1.8976012429833478e-6
-0.00029628512255816617	0.00029628512255816617
-0.013058306934814695	0.013058306934814695
-0.004032633780471262	0.004032633780471262
7.006111139304296e-5	-7.006111139304296e-5
0.004839941809266597	-0.004839941809266597
0.07527353996952753	-0.07527353996952753
-0.0002611698380903301	0.0002611698380903301
-0.001150925275955496	0.001150925275955496
2.9079534653817677e-7	-2.9079534653817677e-7
0.00016773681822878587	-0.00016773681822878587
-4.540748173856128e-5	4.540748173856128e-5
-0.000168811020558963	0.000168811020558963
-0.000285785505149779	0.000285785505149779
0.0003442767269991997	-0.0003442767269991997
-0.0067326962680133075	0.0067326962680133075

=== Matriz T (Inclusão em S - diferença Tp - Tm) ===
4.491566359003649e-7	6.676104632925861e-7	-8.338613962443155e-8	4.373104569289487e-6	0.3503289489890603	-8.973616263700657e-7	0.28338372609877804	0.00017220349162352388	2.7791199338090744e-7	-1.1929613315872322e-5	0.049110905194219505	-1.095814145161988e-6	-1.2699359552669818e-7	0.31647608485471784	5.69131425565415e-7	4.13620259236487e-8	1.2399956213680435e-6	-1.2276611548672605e-6	-5.215233816660339e-7	-3.592883929217943e-6
-4.315668885787865e-8	-2.165515839166836e-8	1.5892006853938955e-8	3.148901033726923e-7	-0.37658415075679585	1.72292475388578e-7	-0.05114269659364069	0.16469815853912068	-7.188311015808688e-8	3.9162586863171803e-7	1.653657024421533e-5	6.026451232917743e-8	-9.89422338313058e-7	0.40576481185628216	-7.448814721897599e-8	1.1116647013456517e-8	8.017743736046221e-7	5.8844634461769425e-8	-8.770284593296804e-6	-2.74019038612473e-6
-4.4915663884050774e-7	-6.676104675574207e-7	8.338614015146223e-8	-4.373104599567157e-6	-0.35032894898925765	8.973616320169803e-7	-0.2833837260987622	-0.00017220349204911508	-2.7791199513428597e-7	1.1929613340462034e-5	-0.04911090519421252	1.0958141524447264e-6	1.2699359795742185e-7	-0.31647608485346945	-5.691314293382149e-7	-4.136202632798157e-8	-1.239995629915453e-6	1.2276611629865355e-6	5.215233879726888e-7	3.5928839441369713e-6
4.3156688891380496e-8	2.1655158429601884e-8	-1.5892006859902067e-8	-3.1489010311169774e-7	0.3765841507567781	-1.7229247545570367e-7	0.05114269659363497	-0.16469815853912584	7.188311018035368e-8	-3.9162586856474144e-7	-1.6536570245854923e-5	-6.026451239824111e-8	9.894223383173406e-7	-0.40576481185618235	7.448814725241008e-8	-1.1116647010474962e-8	-8.017743734740706e-7	-5.884463453408571e-8	8.770284593704166e-6	2.740190385998678e-6
-8.840126946968159e-8	3.9931309616151457e-7	-5.1041966705035494e-8	1.646248253454779e-5	-6.231356800872392e-5	-4.395693324484329e-7	-0.0001598376126915142	0.002942185441998179	6.92194716643467e-8	1.6740289405366888e-5	-5.695943722417318e-6	-3.449643237212108e-7	-4.067543437789348e-6	0.9964737006563623	2.772041347047598e-7	-1.1563445468515399e-7	-1.1803447989481624e-6	-3.6650368090263263e-7	-1.4543195169897434e-6	-4.45306777248282e-5
1.0804268058492822e-7	-2.872766251306396e-7	3.6460372835418666e-8	-1.3158844713066247e-5	6.20397555011643e-5	2.943288740692545e-7	0.00016043105395447822	-0.002807198192828774	-3.426579555240222e-8	-1.4373950722769705e-5	1.1953420482187425e-5	2.184328235120573e-7	3.5623462658238016e-6	-0.9966054433344399	-1.9641688417055875e-7	9.32128039698131e-8	1.0761603737566767e-6	2.283268458830478e-7	2.0688312015787653e-6	3.817172815782933e-5
2.4051859351167243e-6	4.6506987198080205e-5	-5.7771468080451e-6	0.00011587168823450587	-0.10168321570738159	-5.043972864053094e-5	-0.01388485220070646	-0.0030215900990594874	1.4143137173242698e-5	0.005596554889248675	0.3954476252245621	-5.230775570748067e-5	-0.0005544194761041878	-0.0027459790147670044	1.3799889087668174e-5	-1.5375304359774994e-6	0.0001343723668422829	-4.779477249781429e-5	-0.0007894763380443467	-0.001685809009972816
-2.4051857389299075e-6	-4.6506987237245057e-5	5.777146824561402e-6	-0.00011587166793066567	0.10168321570728749	5.043972867675543e-5	0.013884852201458638	0.0030215901121332985	-1.414313734840987e-5	-0.0055965548853674565	-0.395447625224483	5.2307755738405584e-5	0.0005544194761570552	0.0027459790024846574	-1.3799888914416136e-5	1.537530296405118e-6	-0.0001343723653965661	4.7794772534880126e-5	0.0007894763379150387	0.0016858090071401703

=== Matriz Z (diferença Zp - Zm) ===
0.0024046095157643776	0.0015091358457084425	-0.0024046095157643776	-0.0015091358457084425	-0.0023501721001082387	0.0023501721001082387	0.0006245930403281363	-0.0006245930403281363
-0.0024241088585199577	-0.005345405300687389	0.0024241088585199577	0.005345405300687389	0.0026097706507925977	-0.0026097706507925977	0.0038610370542926375	-0.0038610370542926375
0.0003021064518691219	0.0006900601030963571	-0.0003021064518691219	-0.0006900601030963571	-0.0002807447088457593	0.0002807447088457593	-0.0005060894117150383	0.0005060894117150383
0.0008545584472585688	-0.006932456182994429	-0.0008545584472585688	0.006932456182994429	0.0010072682010786593	-0.0010072682010786593	0.0169446561925497	-0.0169446561925497
-0.28769940136891137	-1.5965297102177942	0.28769940136891137	1.5965297102177942	1.0013166657614931	-1.0013166657614931	6.837036548290598e-5	-6.837036548290598e-5
0.003203810633124249	0.007663553791928734	-0.003203810633124249	-0.007663553791928734	-0.003147260422792897	0.003147260422792897	-0.004938085307770734	0.004938085307770734
2.118554483428113	2.0313427032715765	-2.118554483428113	-2.0313427032715765	-1.8305192009804614	1.8305192009804614	-0.21764438699355537	0.21764438699355537
-0.00079018248757734	0.015304610530932905	0.00079018248757734	-0.015304610530932905	0.48836629218564553	-0.48836629218564553	-0.06721073379677023	0.06721073379677023
-0.0002425431338792805	-0.0014852915984420179	0.0002425431338792805	0.0014852915984420179	0.00024115088288567676	-0.00024115088288567676	0.0011676851793254173	-0.0011676851793254173
-0.37148353304428383	-0.3723664149871979	0.37148353304428383	0.3723664149871979	0.24520753978046628	-0.24520753978046628	0.0806656913770496	-0.0806656913770496
0.005862319549208905	-0.3336450984007229	-0.005862319549208905	0.3336450984007229	0.19672480392569014	-0.19672480392569014	1.2546091632335958	-1.2546091632335958
-0.0007282464785305365	0.00219016426365215	0.0007282464785305365	-0.00219016426365215	0.0009139450766895152	-0.0009139450766895152	-0.004352830566887178	0.004352830566887178
0.0017078990308334596	-0.010266115766796702	-0.0017078990308334596	0.010266115766796702	0.00848117110680846	-0.00848117110680846	-0.019182087259252967	0.019182087259252967
0.00033258100046396066	0.00018869125949549925	-0.00033258100046396066	-0.00018869125949549925	0.4999577272335216	-0.4999577272335216	0.0001625240363694047	-0.0001625240363694047
-0.0005673121958409411	-0.0024251960508649972	0.0005673121958409411	0.0024251960508649972	0.0004697498361565522	-0.0004697498361565522	0.002795613586243917	-0.002795613586243917
0.00259948355832762	0.003635026337491354	-0.00259948355832762	-0.003635026337491354	-0.0028381002061053096	0.0028381002061053096	-0.0007567913420984951	0.0007567913420984951
0.016733211825851413	0.017011322485245728	-0.016733211825851413	-0.017011322485245728	-0.015502182957675359	0.015502182957675359	-0.002813516956791773	0.002813516956791773
-0.0008773325265849508	0.002490554759049246	0.0008773325265849508	-0.002490554759049246	0.0007825889022683441	-0.0007825889022683441	-0.004763091670412223	0.004763091670412223
-0.014634951314832279	-0.07634186061366677	0.014634951314832279	0.07634186061366677	0.026757129696562743	-0.026757129696562743	0.0057379452059933556	-0.0057379452059933556
0.055668653113258415	0.08638915487318855	-0.055668653113258415	-0.08638915487318855	-0.06661371147717432	0.06661371147717432	-0.11221160097016991	0.11221160097016991

=== Valores de H em valor absoluto (Hp + Hm) ===
0.012103750703121426	0.012103205577150142	0.01210371421308068	0.012103848149630884	0.012104718384968636	0.012103323720186302	0.012456002345069089	0.012144891926796063	0.012103713256889845	0.0121103631372648	0.012121785385062304	0.012103389410351741	0.012103815501775556	0.012171973493406204	0.012103376452199492	0.012103714342219693	0.012105297977020785	0.0121033000747885	0.012103960600390422	0.012104185762152959
0.012095051357795258	0.012096878537903167	0.012095133568322786	0.012095100535156642	0.012256637305462219	0.012094879894529882	0.012494041538153276	0.012206498145451406	0.012095146330465774	0.01211836325166791	0.012493504646650461	0.012095865966162042	0.012095176916636165	0.012197979814451839	0.012095933467988864	0.012095170256924474	0.012095028040110142	0.012096081968955444	0.012096484340432607	0.01209906170877527
0.012108823583230689	0.012108774829437494	0.012108825731649486	0.012108760408568462	0.012111529968193473	0.01210877503619788	0.012115324109970207	0.012112099403747233	0.012108824928464016	0.01210922195467479	0.012115536350128523	0.012108778106763075	0.012108827241789008	0.012111683826321029	0.012108810982435776	0.012108825807764867	0.012108823598725872	0.012108772373974775	0.012108856529296335	0.012108887350959507
0.01196443299656811	0.011964116493861043	0.011964542372070258	0.011975638282153015	0.012319788006285373	0.011964751995272888	0.014726373770820683	0.012472623196891283	0.01196450870400005	0.012051178710561139	0.01915757938732401	0.011964929602139691	0.011964831959506494	0.012374223417152748	0.011964619610408907	0.01196447389077976	0.011964044013208879	0.011964998206659465	0.011969586890659804	0.011982380229907306
9.226285339159666e-7	9.228393960403682e-7	9.231580612292166e-7	9.20657745754191e-7	0.9317653200614812	9.228245016059379e-7	0.0007676379532133132	9.879670814288393e-7	9.23001953750322e-7	8.874493898208603e-7	0.0473095661187526	9.223411366904849e-7	9.230976652350989e-7	1.0270956204799575e-6	9.227787821918993e-7	9.230017721199605e-7	9.201319795976145e-7	9.221686686542416e-7	9.236140404713852e-7	9.30554832288832e-7
0.012079817925682164	0.012079592707820616	0.01207982102645639	0.0120835472221749	0.012475443238259958	0.012079752911860798	0.01277247614276683	0.012439581109251908	0.012079837213070037	0.01211581364472257	0.012681946776936792	0.012079981697339447	0.012079859632464664	0.012406715547679383	0.01207992032688492	0.012079806873572487	0.012079892671405915	0.012079695361849753	0.012083353264105624	0.012085423640794658
5.376631480781588e-7	5.385448273336953e-7	5.360757806591103e-7	5.776114817080071e-7	6.2184444216121005e-6	5.461663696636622e-7	0.8055831492102793	2.0920100513851465e-6	5.369319233344475e-7	8.436407515146716e-7	1.4371342758021602e-6	5.600240186593627e-7	5.373395752723732e-7	2.040538425470772e-6	5.378824040436437e-7	5.358787593162253e-7	5.816152168592326e-7	5.681372660266875e-7	5.983269370604443e-7	5.917298485683636e-7
8.434141651647697e-5	8.419642419374593e-5	8.395408519139233e-5	8.396836994036639e-5	0.00015303663729449957	8.419397516817762e-5	0.0001454704171066588	0.23627639953274568	8.404322788655027e-5	8.810957774171557e-5	9.636103945256094e-5	8.440338333950803e-5	8.404820082152906e-5	0.7352830669787473	8.406413455035068e-5	8.40425486651671e-5	7.765613058570096e-5	8.442707502260512e-5	8.461055191330047e-5	8.523190384179683e-5
0.012106527410601857	0.012106131720222322	0.0121065424362617	0.01210653162532813	0.012136550474363506	0.012106298811769244	0.012188578428731552	0.012140298822808452	0.012106547065705544	0.012109351875713763	0.012143380803578852	0.012106242841319604	0.012106565660029635	0.01213886899669422	0.012106351747798248	0.012106538974652683	0.012106571216953948	0.012106174961402417	0.012106859269034171	0.012107046857382744
0.008068438722424832	0.008068759203451521	0.00806837147304702	0.008077212028416427	0.00984984451646725	0.008066011214429583	0.1444353781681293	0.08739579528541315	0.008068612459964465	0.009277107473297384	0.022347566190416873	0.008067944514495383	0.008070049055039056	0.08726968729011121	0.008068204887767935	0.008068593015028633	0.008066158371081296	0.008068066417040299	0.008103941145605921	0.008145310792998241
1.5138752637169018e-6	1.5133164344788844e-6	1.513863117958785e-6	1.5089839354834063e-6	0.035070536045212534	1.5129840979395935e-6	1.0812798266486606e-5	1.222424117251026e-6	1.5137107661058625e-6	1.5597117463879474e-6	0.8127493432875235	1.5132606814301246e-6	1.5137746835525873e-6	1.422668518795961e-6	1.5134931246127932e-6	1.5137991404321559e-6	1.5130850818260798e-6	1.5132239905962203e-6	1.515135873173119e-6	1.515802143085732e-6
0.012082656313349881	0.012082787614557736	0.01208274858531081	0.01207943613440364	0.01215541339217864	0.012081429146507127	0.013096728560646946	0.012356826288165961	0.012082693159325513	0.012105824651793775	0.01263249020175566	0.012082427276989681	0.012082829127714221	0.012341921398627036	0.012082617603190474	0.012082717836454409	0.012083112166515603	0.012082159944370122	0.012084496470119985	0.012086611140700854
0.011919331563640025	0.01191933496336163	0.011919345817890347	0.011919721020014956	0.01884480030373905	0.011919348001071462	0.012210301667084866	0.012793717234686962	0.011919348097606076	0.012004924224042457	0.018446693673549966	0.011919335537101273	0.011928580351522954	0.012588677422559567	0.01191935121275478	0.011919342494997254	0.011919243906484604	0.011919354064565138	0.011927647938443593	0.011957085811678408
2.619302085364146e-7	2.6174035221006805e-7	2.6194904143329356e-7	2.62127513276745e-7	0.0006944680245762013	2.616308413329022e-7	-1.2109321299623768e-7	4.853560555374917e-7	2.618804418963101e-7	4.700774845497035e-6	0.031247216464745965	2.617443072631779e-7	2.6202578678750335e-7	0.964743286992577	2.6178698658404276e-7	2.619563843794565e-7	2.62742510499322e-7	2.617507713990501e-7	2.617389501666095e-7	2.5570287105340583e-7
0.01209969871661062	0.01210251617192139	0.01209974172928046	0.012100987822862428	0.0121444599712985	0.012102233496193443	0.012376216607442652	0.01219485854787942	0.012099724739540078	0.012116282866117881	0.012321167768982535	0.012102038802036377	0.012099771871217798	0.012181272085146922	0.012100754660586008	0.01209973995726863	0.012099806967634123	0.01210260717408347	0.012100414639988854	0.012101547552452296
0.01210754222661221	0.01210746490608118	0.012107551189846093	0.012107560889822448	0.01214927178441512	0.01210743957130206	0.012179115785662699	0.012107938035120815	0.01210754226048083	0.01211023145036224	0.012117737031540905	0.012107405849055525	0.01210758286943329	0.012108354305795734	0.012107429455150902	0.012107551355645363	0.012107648902579874	0.012107484244179418	0.012107618858176605	0.012108207103490035
0.01205364496711953	0.01205344995832422	0.012053236571076254	0.012053274257722511	0.012089353329109053	0.012053280248732354	0.015879213776394632	0.012105424206436469	0.012053275936138159	0.012100493656253368	0.012144499872103824	0.012053364885846032	0.012053386291133249	0.012198698168741164	0.012053340557190411	0.01205329933594531	0.012071524196146655	0.01205344617843495	0.01205288815109477	0.012052858703398141
0.012077155228891138	0.012078760161144184	0.012077149713798576	0.012076928143280173	0.012204538323627922	0.012076349539724978	0.013323732363671056	0.012352442441084221	0.012077197771589113	0.012120973694449557	0.012748040350694781	0.01207817777682798	0.012077228300877669	0.012328865359930965	0.012077872683561634	0.012077163402630493	0.012077634538851242	0.012078232545659283	0.012079188458228337	0.01208222686180785
0.011253245706424806	0.011250886757963728	0.01125323737456669	0.011252104397927423	0.04899337546278317	0.011251746541351082	0.011258972234452831	0.0266765662945667	0.011253235238100848	0.011497648747031011	0.012128982054100425	0.011250343493313227	0.01125350159120897	0.027612439917857758	0.011251367722520153	0.011253237229374597	0.011250920631557469	0.01125035044058667	0.011310214972382434	0.011261963526954903
0.011026509029130754	0.011025915633084651	0.011025746054096324	0.011036088442542445	0.013600382223989432	0.011026343356132222	0.026873546735019363	0.011104081510573172	0.011025867842425242	0.011368094284106572	0.07461291838517213	0.011026058482434677	0.011026877873147607	0.011041403058896584	0.011025811993467341	0.011026043040351012	0.01102899192272192	0.011025732120514428	0.011033422849062634	0.0111319652399328

=== Valores de L em valor absoluto (Lp + Lm) ===
0.012103720897941414	0.012103683040521717	0.01210371414086456	0.012103374145921178	0.012106304389004625	0.012103683583884986	0.012103839531102565	0.012095435728664262	0.012103705111356406	0.012103478277511327	0.012099903294302532	0.012103709624789643	0.012103713218609587	0.012075890430928129	0.012103714479496944	0.012103714137083497	0.012102379874078686	0.012103709688664407	0.01210368206288712	0.012103577574891403
0.01209491766990042	0.01209468722921227	0.01209512981380827	0.01208990838853672	0.01208220523577146	0.012094564995809572	0.01209417760868757	0.01208986529657934	0.012095077057827685	0.012094264088836272	0.012093598174499096	0.012094553951174883	0.012095126648043958	0.012077218094917293	0.012094822444934716	0.0120950367462487	0.012093688777607206	0.012094763134484095	0.012095074083169725	0.012094966546171575
0.012108825889288724	0.012108825257272804	0.01210882572149119	0.012108833165529565	0.012108833095488294	0.012108826795302112	0.012108824964889745	0.012108819268566214	0.012108825843695374	0.012108825774769252	0.0121088318968913	0.012108825695043644	0.012108825715438625	0.01210879893623026	0.01210882571159528	0.012108825800556755	0.012108825287850249	0.012108825567228382	0.012108824993939896	0.012108825775602641
0.011964069642765082	0.011964464703177594	0.011964539201661087	0.011960787961750055	0.011982257171478727	0.011964264348951377	0.011962867077167132	0.011950216887256965	0.011964423061694016	0.011964212374076584	0.011977079669913984	0.011964122727465406	0.011964536002890679	0.011891305106886301	0.011964545969348182	0.011964352582392021	0.011959231956877342	0.011964407737768992	0.01196456915517395	0.011964569876173229
9.231311430055955e-7	9.230146811518157e-7	9.231790130545906e-7	9.179589256508483e-7	3.211289495706787e-5	9.228813630775414e-7	7.907244894737876e-7	1.0476441440775602e-6	9.231292002550806e-7	9.064082879097907e-7	0.0014337654727828671	9.229723532024138e-7	9.230931801138799e-7	1.085011990402826e-6	9.230974460963207e-7	9.231149388592176e-7	9.222873400794619e-7	9.229727385978815e-7	9.24968599023231e-7	9.19265209529293e-7
0.012079801912228077	0.012079722607026392	0.012079819546266274	0.012079743842217638	0.0120789469623107	0.012079844535224692	0.01207971917780104	0.012074575225579108	0.012079819970321228	0.012079581039885764	0.0120780878740872	0.012079819093441416	0.012079816935583833	0.012061539207320037	0.012079816478148975	0.012079813999938096	0.012079049708802556	0.012079809951213985	0.012079797841761815	0.012079788453243584
5.370749249110193e-7	5.378163913479789e-7	5.359402385310311e-7	6.046283148677877e-7	0.035743226619908856	5.380918795719205e-7	1.1133432312643922e-6	2.701226453895953e-6	5.365308789687684e-7	9.267660404597873e-7	2.540964684879969e-6	5.38409675146722e-7	5.377085997969285e-7	2.625750496931271e-6	5.371424762033953e-7	5.357129732570353e-7	5.37857897368798e-7	5.38588133868262e-7	6.141807076108052e-7	6.695021107549299e-7
8.415946939642252e-5	8.416780216925213e-5	8.395012389926739e-5	8.422775150086858e-5	0.0002571148305657017	8.408131193624185e-5	8.674213886074876e-5	0.007894710046313716	8.398027270496468e-5	8.811261524552632e-5	0.002362302049028556	8.425483835610118e-5	8.41571458002733e-5	0.002201755021296283	8.403022379371099e-5	8.398732825937417e-5	8.526148973868656e-5	8.429443139854775e-5	8.466536188816499e-5	8.554584342440076e-5
0.012106546528739642	0.012106520524058449	0.012106541735678848	0.012106604928240958	0.012104860194728595	0.012106558654880228	0.01210658305561492	0.012105947476918247	0.012106543882933049	0.012106531131841103	0.012105884991638125	0.012106544114897125	0.012106541028541574	0.012104243174269202	0.012106541659959048	0.012106543056503688	0.012106462748561489	0.012106536840631843	0.012106532635010922	0.012106532896670272
0.008068414074274475	0.008067887965677933	0.008068363447457361	0.008065827824294287	0.01141326521678607	0.008067500786519546	0.008060957194834547	0.008164094837559458	0.008068355035305584	0.008067637339971432	0.008093085358593871	0.00806748297177639	0.008068797134608613	0.008152564622858058	0.008068061695717239	0.008068366297393749	0.008074404043182565	0.008067333409607828	0.008071184154931497	0.00806855159529927
1.5142355457385968e-6	1.5135776401381246e-6	1.5139048403928533e-6	1.5044540209824054e-6	0.00015793895089979742	1.5133572269587454e-6	2.045062707558404e-6	5.065953819367243e-7	1.5138716403455285e-6	1.4237450941209007e-6	0.00032589852456894956	1.513756089975279e-6	1.5138952064136898e-6	5.754743387948321e-7	1.5137485268950115e-6	1.5138196654785735e-6	1.5145240826325714e-6	1.5137135229106326e-6	1.530417987296192e-6	1.5106073137543317e-6
0.012083028738052323	0.012082438124689055	0.012082750808833474	0.012080690824303141	0.012080580244094965	0.012082989795836902	0.012082956261221803	0.012074523404512951	0.012082790095231185	0.012082806888406156	0.012079792524009427	0.012082994894587898	0.012082749280760936	0.01205469587993186	0.012082749610072465	0.012082861124688041	0.012081866138296442	0.012082751836555088	0.01208270938945213	0.012082807774000476
0.01191938688032175	0.011919290197407353	0.011919345441531181	0.011919521348076965	0.011920262223642647	0.011919367024650105	0.011919281922458483	0.011918092022694695	0.011919346288083655	0.011919276161965971	0.011919646939862876	0.011919383938161783	0.011919568902526281	0.011914666374937845	0.011919344471515547	0.011919355435104775	0.01191937030559496	0.011919346799913154	0.011924418744689448	0.011923559602409914
2.619260452408024e-7	2.617404086783923e-7	2.619517541344659e-7	2.6066671189996165e-7	0.0002535854278537994	2.6161819384038966e-7	4.8847916335965414e-6	5.241793315561554e-6	2.618873501855766e-7	3.5563805112015517e-7	0.0018928595951677185	2.616878715499175e-7	2.619689225369866e-7	1.236492527157146e-6	2.617885219444926e-7	2.6195096041734444e-7	2.6198915998109343e-7	2.616625805339998e-7	2.617661009342077e-7	2.611013138829245e-7
0.012099734848946046	0.012099674386163568	0.012099740962641468	0.012099290264958413	0.012100004870089616	0.012099798791963951	0.012099788442695481	0.012099751267327888	0.012099735763544266	0.012099755933386322	0.012099798915636941	0.012099792120452701	0.012099740301849776	0.01209961031860816	0.012099760248583467	0.01209973079695031	0.01209969788452978	0.012099778884858822	0.012099738333207296	0.01209973397037924
0.012107622078582628	0.012107545975838623	0.012107552417664678	0.012108445321477082	0.012106762901665858	0.012107645019539752	0.012107645800852173	0.01210746571952931	0.012107568839091898	0.012107651703450177	0.012106267953092376	0.012107600066896628	0.012107552332585068	0.012107097804151886	0.01210755225201024	0.012107580087192276	0.012107720691079564	0.01210755307183332	0.012107551980461977	0.01210755682487382
0.012054246315293927	0.012053246954619868	0.0120532374790604	0.012055298300586303	0.012085556043175773	0.01205325863030775	0.012053466119641037	0.012134846448157025	0.01205324373930984	0.012057876528001915	0.012053014166210047	0.012053584443345991	0.012053262837933431	0.012134281929288004	0.012053347731362761	0.012053305838325992	0.012080702229974559	0.012053360851185562	0.012053706050277398	0.01205404851718988
0.01207728639269106	0.012076867962482444	0.012077146182340018	0.01207666096039682	0.012075139719874173	0.012077040132500258	0.0120767295485299	0.01207038692260096	0.012077164576985568	0.012076798089817792	0.012076697606644876	0.012077104621155894	0.012077145342007847	0.012053749398813443	0.012077130878831582	0.012077206782753225	0.012076272980027777	0.012076973262425544	0.01207710934640993	0.012077193330558667
0.011253180789249955	0.011251452254306014	0.011253238283095362	0.011251313322806355	0.011254516366502825	0.011251504817438283	0.011249418590597275	0.011235759026843397	0.01125324239629254	0.011249404327694707	0.011252736193346442	0.011251409928539454	0.011253231907262403	0.011214645547939453	0.011252819287162465	0.011253241566718777	0.011249921625999474	0.011251405774986909	0.011254572230215313	0.011253181469079932
0.011025634371936766	0.011025522835015221	0.011025743223659418	0.0110256279325315	0.011095741025079752	0.01102546987628656	0.011024848602074585	0.011012650031548138	0.011025718045291955	0.011025147076374253	0.011029553731474868	0.011025444400095114	0.011025750331885258	0.010993547950623324	0.011025730987167	0.011025689664426158	0.011023451842182019	0.011025515452883326	0.011025814913996203	0.011025481901909346

=== Valores de M em valor absoluto (Mp + Mm) ===
0.006051758378430246	0.00605176065197265	0.006051761017853993	0.006051729225665867	0.006051356104397573	0.006051760141128671	0.006051761968239809	0.006051765975568115	0.006051760826648164	0.006051760275024685	0.006051215722767128	0.006051757521754633	0.0060517609255289545	0.006051766318083112	0.006051761018689882	0.0060517600705390145	0.006051753791884069	0.006051759409396958	0.00605176014868393	0.006051749871247732
0.006047455075848369	0.006047384368458296	0.006047456981234453	0.006047310439184415	0.00604741737076802	0.00604737436479964	0.006047037660495827	0.00604739608138983	0.006047457346564054	0.006047333695277611	0.006047248198628305	0.006047380390379192	0.006047457159443546	0.006047409342365764	0.006047530363507565	0.006047455666167791	0.0060474495189455045	0.006047376299405686	0.006047457203369943	0.006047453560886751
0.006054411780971505	0.006054411742825753	0.006054411775578299	0.006054411926801602	0.006054411718083963	0.0060544117768755535	0.006054411766341446	0.006054411924474174	0.006054411776663746	0.006054411785653045	0.0060544119351227995	0.00605441178379199	0.006054411758672268	0.006054411947519464	0.00605441180458269	0.006054411772265856	0.006054411784789288	0.006054411766712983	0.0060544117730324965	0.006054410626867526
0.005983604331967738	0.0059836035886639835	0.005983614787234844	0.005983401284874284	0.005983657438327656	0.0059836065247747955	0.0059835688415951615	0.005983792450656511	0.005983612386210785	0.005983610146231321	0.005981461348843688	0.00598359903004145	0.005983613428881074	0.0059838129184537035	0.00598361357943569	0.005983609341699539	0.0059835862652375844	0.005983605617114387	0.005983614001277786	0.005983572355241405
3.9921829795778395e-7	3.9906369073729953e-7	3.9957173912137917e-7	3.9681314389812373e-7	0.0005339053769281159	3.988055995951478e-7	9.926675237167529e-5	6.440095940873168e-7	3.9940487271628476e-7	4.2506107958528464e-7	3.940691815212115e-6	3.9860406413073483e-7	3.994284617823207e-7	7.061619435062766e-7	3.991947709161863e-7	3.9961452890963994e-7	3.9824957601922284e-7	3.9845452504157553e-7	3.966286257219661e-7	4.1241470033137414e-7
0.006039819544157328	0.0060398210731992495	0.0060398192081302995	0.0060398187565047935	0.006039735075373311	0.006039828051401158	0.006039786529055105	0.006039842546691945	0.006039819592399192	0.006039825637160664	0.006039609132865298	0.006039827301015129	0.006039819159422916	0.006039840302544817	0.006039823251362583	0.00603981910095533	0.006039818410625784	0.0060398245882545935	0.006039819078788533	0.006039816712836049
2.584641528676883e-7	2.5846415558856173e-7	2.5838576462181913e-7	2.8315929678258003e-7	0.0015866924433379833	2.584606106032975e-7	0.00044949508344864535	0.0034397358575197507	2.5845451186010266e-7	8.101349157571294e-7	0.0002217780994475809	2.6172592951180357e-7	2.584455242789842e-7	0.0009618994425989724	2.587951569619843e-7	2.5857402134514914e-7	3.107062953878185e-7	2.666700482470307e-7	3.1207084842663066e-7	4.106432284293168e-7
4.1566833824447756e-5	4.156617039303628e-5	4.156406782462272e-5	4.155825161781302e-5	8.379225603995248e-5	4.1566142628724743e-5	3.955136398163415e-5	7.805932650303994e-5	4.156462150113837e-5	4.256900254324827e-5	3.089758486937061e-5	4.156727744880127e-5	4.1566612780773906e-5	8.134008778574673e-5	4.1565956984809e-5	4.156517609347835e-5	4.157775745289297e-5	4.156770469313639e-5	4.1783972271047265e-5	4.1578687280845984e-5
0.0060532372103251336	0.006053237207197453	0.006053237288524738	0.006053238195122735	0.006053204861996701	0.006053237271842307	0.006053237431168692	0.006053238686060712	0.0060532373030559895	0.006053237286646647	0.006053208786168458	0.006053237087963691	0.006053237245496853	0.006053238849666763	0.006053237311959573	0.006053237267420301	0.006053237071094337	0.006053237114069418	0.006053237208002974	0.006053233865938597
0.004030796255123323	0.00403073829348225	0.004030796085647246	0.004030830544195729	0.004049145852686637	0.004030764140081464	0.004030463326220645	0.004075774676137171	0.004030796445978407	0.004032604230345625	0.004031080267464243	0.0040307663067313815	0.0040307955917315615	0.004076435139593203	0.004030764019134314	0.004030795091133589	0.004030763108834363	0.004030757077828486	0.004031050834882361	0.0040308366586788505
6.843639944331432e-7	6.768650031986984e-7	6.76719613447758e-7	6.850236020321299e-7	1.4806303193118263e-6	6.767610370587559e-7	4.660169404275686e-6	8.373668143076438e-7	6.769778208677401e-7	2.466791162526895e-8	1.4933283417740622e-8	6.861763518860442e-7	7.566574842273606e-7	6.773789334827034e-7	6.773961517060028e-7	6.80895932596384e-7	3.2845357195367183e-6	6.86555959062827e-7	2.22100288657509e-9	-4.2382545950005664e-9
0.006041294141839625	0.006041291438265218	0.006041295238726447	0.0060413116520063315	0.006040595541990528	0.006041310518139445	0.006041268561632267	0.006041334574707896	0.00604129606277806	0.006041302473663612	0.006040845026629708	0.006041300563404812	0.006041295098543198	0.0060413266277054845	0.006041297781454236	0.006041294316871665	0.006041288707917446	0.006041297235132778	0.006041294006984376	0.006041289207455253
0.005959693184670481	0.005959693160222977	0.00595969316459812	0.005959694060378683	0.005959692530141383	0.005959693183327025	0.005959693987490153	0.005959693572043664	0.005959693170564041	0.005959693248376027	0.0059597088910044276	0.0059596931548029485	0.005959693079303783	0.005959693396007069	0.00595969316330498	0.005959693175151752	0.005959693334280956	0.005959693148864275	0.005959677300555766	0.0059596902974820565
-2.1239950139772036e-7	-2.123723435179497e-7	-2.1231684337992543e-7	-2.123887737434713e-7	5.1638134495769986e-5	-2.1238280245771204e-7	1.5182884307984249e-5	-2.1204606231216894e-7	-2.1234479084444637e-7	-2.181442111005928e-7	5.364324476877516e-6	-2.1243893266627874e-7	-2.122814080995492e-7	-2.1229196249443137e-7	-2.1237630112280842e-7	-2.1234241079955343e-7	-2.126937694786384e-7	-2.1243246093984257e-7	-2.1206336207200664e-7	-2.1272546425317514e-7
0.0060499952407835405	0.006049992978913813	0.006049994796945245	0.006050014034488475	0.006049984552154889	0.006049999958404297	0.006049992738179228	0.00605000972194951	0.006049995084147279	0.006050003216949859	0.00604998288629665	0.006050003285400621	0.006049994654068046	0.006050007612546484	0.006050004314938278	0.006049994513907965	0.006049994978738451	0.006049998329513553	0.006049994800474308	0.006049992936293109
0.006053774534990022	0.006053774558318542	0.006053774806137488	0.006053779515649189	0.006053604821462032	0.006053774788186072	0.006053775714766974	0.006053775509506341	0.006053774812430785	0.006053775040253517	0.0060537645179027984	0.00605377411973884	0.006053774772838696	0.006053775638915915	0.0060537749861311625	0.006053774722148363	0.006053773996839169	0.006053774220982747	0.006053774426092659	0.0060537748245695615
0.006026429126024872	0.00602643260378297	0.006026432934166916	0.006026464700021859	0.006026672390327732	0.0060264319441965895	0.006026229694706203	0.00602669330573505	0.006026432662692915	0.00602640505430644	0.006031773511030595	0.006026428555861856	0.006026433288904171	0.0060266703654435795	0.006026432963098183	0.006026431648831168	0.006026418617905611	0.006026431120848427	0.0060264347229028355	0.006026464237857134
0.006038640189367746	0.0060386011237613295	0.006038640920860398	0.006038578194141914	0.006038346459322656	0.006038598600874404	0.0060382914775107596	0.006038687086317472	0.006038641308763792	0.0060385633521960105	0.006038335987762773	0.006038603669823566	0.006038640859303204	0.006038685446176894	0.0060387781240658096	0.006038639636822147	0.006038635066907196	0.0060385980805704766	0.006038640559779017	0.006038636768040407
0.005625818756996706	0.0056258178025313296	0.00562581875615685	0.00562582091922594	0.005625989049440453	0.005625818232882338	0.005625025573160969	0.005625898615892965	0.005625818765057315	0.005625820412529779	0.005625532109068991	0.0056258188330579155	0.0056258181570467795	0.005625899642283324	0.005625818691679992	0.005625818663514947	0.005625818289430224	0.005625818103428318	0.005625911702971663	0.005625815306328213
0.005512689471915844	0.005512685473532586	0.005512689377979708	0.005512693380398014	0.005512990104256665	0.005512685472979237	0.005512672454625037	0.005513410613184034	0.005512689353162729	0.00551271342054638	0.005512888453854134	0.0055126853698839445	0.005512687818543019	0.005513409059700478	0.005512689459741589	0.005512689401865306	0.005512689511941145	0.005512685391095538	0.005512693378217259	0.005512680201811941

=== Valores de N em valor absoluto (Np + Nm) ===
0.006051761039076621	0.0060517565868704075	0.006051760997091953	0.0060517535488646	0.006051760513302256	0.006051759007972821	0.0060538534364259	0.006051767396383913	0.006051761013433089	0.006051820360156894	0.006052235677152746	0.006051756678903151	0.0060517611152600456	0.006051779427137947	0.006051761431668365	0.006051760426472889	0.006051761315007526	0.006051758498046882	0.006051760984654852	0.0060517671902554325
0.006047462256490762	0.006047543712742112	0.00604745748575098	0.006046593972924464	0.006047458139792759	0.006047173091562446	0.00604831369997735	0.006047520369104579	0.006047460054428119	0.006046778197635765	0.0060479629459383975	0.006047252688226125	0.006047457360568405	0.006047502108369124	0.006047541883835369	0.006047456415889394	0.006047460545758174	0.006047271440198993	0.006047457421766863	0.006047465722128676
0.006054411783318019	0.006054410480690357	0.006054411777625307	0.0060544139194895295	0.006054411775576841	0.006054411315079425	0.006054444033128931	0.006054411977254941	0.006054411794926658	0.006054412364635527	0.006054417645765203	0.006054411551393385	0.006054411744804684	0.006054412595096998	0.006054412807413921	0.0060544114309840245	0.006054411601391661	0.0060544111479980765	0.006054411764298678	0.006054410912021656
0.005983614172611816	0.0059836033924249715	0.005983614820877534	0.005983532158844538	0.00598361259635556	0.005983585593644659	0.006031993293069018	0.005983797166110767	0.0059836140252086945	0.005985081824405031	0.0059951849591228824	0.005983591823644009	0.005983618867876595	0.005984083414536757	0.005983608331019356	0.005983613998589096	0.005983626843889971	0.005983601735954296	0.00598361474622875	0.005983827015022132
3.992811848237376e-7	4.001232820861774e-7	3.995975441412826e-7	3.9932537829930855e-7	2.0870663980237957e-7	4.0119845339597654e-7	0.005698251842378241	4.887291202064319e-7	3.995735406371372e-7	3.6915953740525573e-7	0.0024768450378573337	3.9891462026948046e-7	8.56237265504378e-7	4.0163120528680976e-7	3.993346746511846e-7	4.0060229848523034e-7	4.028989692939012e-7	3.9886557865264023e-7	9.79529729070329e-8	3.8740525206934244e-7
0.0060398199464394104	0.006039818036987242	0.006039819271738575	0.006039861985426293	0.00603981175929538	0.006039839164869167	0.006044119499581517	0.00603985979371149	0.006039819725772186	0.006039969371005444	0.006040867356505882	0.006039839005784819	0.0060398195436959234	0.006039877022000522	0.006039832817713428	0.006039819009585902	0.006039819573313977	0.006039828051036148	0.006039819199461706	0.0060398380207669425
2.602383144729668e-7	3.1006372696356576e-7	2.584959099186221e-7	3.2164984975646194e-7	2.823572917053198e-5	3.3182634977367155e-7	0.03799891635672497	4.299576597696613e-6	2.6187173705561444e-7	8.266703932874643e-7	0.016604888090097806	2.5990094568874926e-7	1.7026045025198767e-6	0.0044510801551251545	2.5908348093090974e-7	3.087211909448808e-7	3.943588203196982e-7	2.702081037366507e-7	9.0072311255512e-7	4.7457823405940793e-7
4.157019505163318e-5	4.156618034802133e-5	4.15640450227341e-5	4.1625733176449364e-5	4.1813402736401283e-5	4.156533195346719e-5	3.988621344815517e-5	4.159461951877898e-5	4.156513371425188e-5	4.177313291868534e-5	4.2387468538212235e-5	4.1571442697508384e-5	4.1567184893202274e-5	4.159873491308194e-5	4.156659481443084e-5	4.156743411514431e-5	4.158646385744052e-5	4.157189157748494e-5	4.1578995644688244e-5	4.160251188899741e-5
0.006053237281763728	0.0060532321819719	0.006053237276244591	0.0060532357230873995	0.006053237062197438	0.006053234125900938	0.006053668697151484	0.0060532376498936774	0.006053237303733467	0.0060532448765462064	0.006053335455920883	0.0060532334543504235	0.006053237244658864	0.006053240637706595	0.006053238270924058	0.006053236808740355	0.006053236950442777	0.006053233457855181	0.006053237258040958	0.00605323632113477
0.004030792769311701	0.0040307157235288955	0.0040307958132471365	0.00403063155324072	0.004030670407673629	0.004030693712041506	0.008885603607616515	0.00407071389800127	0.004030793230701296	0.004094045183652227	0.0055403800098154776	0.004030692338378964	0.004031108974370239	0.004103667473730818	0.004030712675946475	0.00403079896431097	0.00403085916970329	0.004030689285558003	0.004030827392120542	0.004047044764556052
6.776039022945475e-7	6.769560407061043e-7	6.767269586019289e-7	6.900624095779366e-7	1.3012650651973417e-7	6.772942989026431e-7	-2.229275892436991e-8	7.152590395164766e-7	6.768596529365511e-7	1.1913922393130486e-5	1.0181775726359509e-6	6.787837646788801e-7	6.815655263245615e-7	6.767770360534974e-7	6.77128577110418e-7	6.768776168197195e-7	6.930262803623823e-7	6.790956542696772e-7	7.180700589285859e-7	7.126009024356128e-7
0.006041297149544952	0.0060412930004197195	0.006041295305428809	0.006041498228133869	0.006041290339941715	0.006041406499101854	0.006049405913460144	0.006041401297326238	0.006041296450069485	0.006041760460751201	0.006043244799669752	0.00604137088815982	0.006041295897159494	0.0060414108069322325	0.006041314275135481	0.006041294534103889	0.006041298138775749	0.006041343038100814	0.00604129533589609	0.006041330359174597
0.005959693167638343	0.005959692400739805	0.005959693165503195	0.0059596891394768856	0.005959693102675356	0.0059596923217229945	0.005959786275821326	0.005959692731214452	0.005959693165940357	0.005959694045019844	0.005959706331926164	0.005959692469035702	0.005959693168537291	0.005959693430236668	0.005959693256109365	0.005959693101243594	0.005959693139135589	0.0059596925150804765	0.005959693149072625	0.0059596935171691515
-2.1221602113779585e-7	-2.12208646329534e-7	-2.1230151654330213e-7	-2.1035997842343427e-7	6.046001429769427e-7	-2.120938665353681e-7	-1.6059770976150887e-7	-2.0909907290556325e-7	-2.1227018768490655e-7	5.17119019711742e-6	1.439555659231673e-6	-2.1205088377650472e-7	-2.1155366236054636e-7	-2.1233880595157917e-7	-2.1223023410248619e-7	-2.1229631130383916e-7	-2.1133329107090685e-7	-2.1199461254248975e-7	-1.9163682370877076e-7	-2.0900691393931863e-7
0.006049995929719495	0.0060500848587780095	0.0060499949013048115	0.006050121659635083	0.0060499941888405625	0.006050147750961811	0.006051509556331256	0.006050150322428774	0.006049995576405252	0.006050132763603432	0.006050377324487793	0.006050156628889528	0.006049994685796881	0.006050144675838391	0.006050127148063606	0.006049993353828317	0.006049995053674184	0.006050131899352693	0.006049994604556108	0.006049998680064168
0.006053775037685429	0.006053767101364805	0.006053774908857975	0.006053782602165812	0.0060537742131533115	0.006053772882200897	0.006054203773673725	0.0060537767633572865	0.0060537750176059115	0.006053787617345584	0.006053831921293728	0.006053772356298261	0.006053774724821953	0.006053780491849489	0.0060537805386623915	0.006053773116349575	0.006053774018272798	0.00605377215835946	0.00605377471084151	0.006053776659584466
0.006026434490597289	0.0060264318837089815	0.0060264329574350045	0.006026431127484827	0.006026414006172024	0.006026435648896369	0.00608670484042865	0.006026690217005904	0.006026433224943157	0.006028373857124078	0.006040568069405022	0.00602643547440497	0.006026437919297457	0.006027044666396829	0.006026435230021072	0.0060264327563215895	0.006026460609766891	0.0060264377488958455	0.006026432984853512	0.006026683925921795
0.006038644420226908	0.006038792383273759	0.006038641546021934	0.00603850663048505	0.006038634179911089	0.0060387428910987535	0.006048838979586508	0.0060388166839202935	0.0060386435044339735	0.006038809493666739	0.006041304650944208	0.006038781852029537	0.006038641735122204	0.006038876641395871	0.006038773940034109	0.006038641027897063	0.0060386442730299035	0.0060387592576605295	0.006038640869952114	0.0060386865663105554
0.0056258187954213775	0.005625813450001627	0.00562581873916591	0.005625344236276848	0.005625818275582426	0.005625817846626743	0.005638688224692767	0.005625881929983021	0.0056258189287635985	0.005625743409807911	0.005628533845768992	0.005625818500768751	0.005625819729799382	0.00562594474366873	0.005625820151230237	0.005625818262743391	0.005625819465313593	0.005625813888991353	0.005625818839177847	0.005625874490140205
0.005512688907269199	0.005512683194236209	0.005512689412760213	0.005512651502295924	0.005512686155739329	0.0055126622186158995	0.005682447536533316	0.005513487388606792	0.005512689188495774	0.005517577274574349	0.0055456110657700255	0.005512676784204683	0.005512701585380192	0.005514288774978284	0.005512683690517034	0.005512685841541104	0.005512686335958502	0.005512678316785801	0.005512689759397444	0.005513367827422417

=== Valores de P em valor absoluto (Pp + Pm) ===
0.012103534204021622	0.012103534204021622
0.012099117826269299	0.012099117826269299
0.012108653820857181	0.012108653820857181
0.012174896567392589	0.012174896567392589
2.4929810508265442e-6	2.4929810508265442e-6
0.012086349573319475	0.012086349573319475
0.013058731751911546	0.013058731751911546
0.004065958737859675	0.004065958737859675
0.012106662178672685	0.012106662178672685
0.010304929989550378	0.010304929989550378
0.07527421914284656	0.07527421914284656
0.012087795189762322	0.012087795189762322
0.012028665292800052	0.012028665292800052
-8.683727008576444e-8	-8.683727008576444e-8
0.01210172756271067	0.01210172756271067
0.012107488369459763	0.012107488369459763
0.012056595854902728	0.012056595854902728
0.01208332715651899	0.01208332715651899
0.011263124190376705	0.011263124190376705
0.014208785360233333	0.014208785360233333

=== Valores de T em valor absoluto (Tp + Tm) ===
2.9012858512553385e-5	2.9008922121915756e-5	2.9023106086363886e-5	2.910280097141849e-5	0.3503459205440419	2.902452856402836e-5	0.2833986866765731	0.00018637105668517292	2.902126703388226e-5	3.349919153715208e-5	0.04912464457415321	2.903188412596641e-5	2.89545552674327e-5	0.3164901149925741	2.9021998603772395e-5	2.90221141803532e-5	2.897377554396315e-5	2.9030134510095853e-5	2.8976777778638595e-5	2.8910526968203306e-5
9.855332524421638e-5	9.855188630074445e-5	9.855594306277272e-5	9.848460125478232e-5	0.37663310494995605	9.854825435006814e-5	0.05119194544307585	0.1647470636850707	9.855528026697012e-5	9.866059157029368e-5	8.47582883487696e-5	9.854516169361558e-5	9.855772958422203e-5	0.40581402656988624	9.855428090303963e-5	9.855624417608752e-5	9.933073673094551e-5	9.854372494467782e-5	9.933802355601725e-5	9.84934220643492e-5
2.901285854331474e-5	2.9008922152649916e-5	2.902310611716487e-5	2.910280100310319e-5	0.35034592054427866	2.9024528594919797e-5	0.28339868667657925	0.0001863710571208741	2.902126706468607e-5	3.349919158195944e-5	0.049124644574165544	2.9031884156971518e-5	2.8954555297627976e-5	0.31649011499133917	2.902199863461914e-5	2.9022114211152503e-5	2.897377557465604e-5	2.9030134541092356e-5	2.8976777809026478e-5	2.891052699690184e-5
9.85533252488852e-5	9.855188630541258e-5	9.855594306744078e-5	9.84846012595724e-5	0.3766331049499406	9.854825435473651e-5	0.05119194544307242	0.16474706368507824	9.855528027163852e-5	9.866059157495605e-5	8.475828834847833e-5	9.854516169828445e-5	9.855772958889003e-5	0.40581402656978877	9.855428090770814e-5	9.855624418075601e-5	9.933073673557095e-5	9.854372494934678e-5	9.93380235607091e-5	9.84934220690234e-5
1.549482122792825e-5	1.54968587127991e-5	1.550415696999817e-5	2.8621281923305236e-5	8.280155524580205e-5	1.5493255000649864e-5	0.00016916268760104272	0.0029690659710155955	1.5500244820506387e-5	1.9785281898793782e-5	7.968173692994457e-6	1.5487610610865164e-5	1.5944967335487203e-5	0.9964814931322835	1.549827703129025e-5	1.5503886415281088e-5	1.5522904507349612e-5	1.548684564676088e-5	1.5606241187255327e-5	4.680790917140308e-5
1.690916055257707e-5	1.6911180320426743e-5	1.6916318856263565e-5	2.7476088113540596e-5	6.689500947984982e-5	1.6908880871561905e-5	0.0001694904340589969	0.002831232926162424	1.6913326389772826e-5	2.063814969691016e-5	1.4202501970778685e-5	1.69041505487325e-5	1.7283987961768124e-5	0.9966139336511907	1.6912008514349046e-5	1.691609944525998e-5	1.6935065812679694e-5	1.6903774851066438e-5	1.7043496414351075e-5	4.421414651266537e-5
0.02523873933285003	0.025248197461282672	0.02524999528514523	0.025239040146881456	0.11577243580419827	0.025249444175789656	0.026671978504018604	0.027385873669476334	0.025249985558774907	0.02193108154939101	0.41378025289206233	0.025249919318429796	0.025263544556190367	0.027926187908529444	0.02525040433131189	0.02524940790702706	0.025290674977827814	0.025249464557157306	0.025263488375624015	0.025395636472699157
0.02523873932859958	0.02524819745722995	0.02524999528106859	0.025239040122983045	0.11577243579976863	0.025249444171735955	0.026671978509914318	0.027385873652876223	0.02524998555475217	0.021931081552580774	0.4137802529916282	0.02524991931439769	0.02526354455224383	0.02792618790082177	0.025250404327325133	0.025249407902980754	0.025290674973509737	0.02524946455313679	0.025263488371218584	0.025395636468458063

=== Valores de Z em valor absoluto (Zp + Zm) ===
299.9693343275586	299.9693343275428	299.9693343275586	299.9693343275428	299.96933432754565	299.96933432754565	299.9693343275443	299.9693343275443
299.96933432758334	299.9693343275428	299.96933432758334	299.9693343275428	299.96933432754247	299.96933432754247	299.9693343275434	299.9693343275434
299.9693343275429	299.9693343275429	299.9693343275429	299.9693343275429	299.9693343275429	299.9693343275429	299.96933432754287	299.96933432754287
299.9693343224302	299.9693343275428	299.9693343224302	299.9693343275428	299.9693343275499	299.9693343275499	299.96933432755617	299.96933432755617
299.9693343275478	299.96933432757277	299.9693343275478	299.96933432757277	299.96933432755884	299.96933432755884	299.9693343275427	299.9693343275427
299.9693343276179	299.969334327543	299.9693343276179	299.969334327543	299.96933432754275	299.96933432754275	299.9693343275437	299.9693343275437
299.9693344203604	299.96933432755975	299.9693344203604	299.96933432755975	299.9693343275401	299.9693343275401	299.96933432754554	299.96933432754554
299.9693343276281	299.96933432754315	299.9693343276281	299.96933432754315	299.96933432755316	299.96933432755316	299.9693343275426	299.9693343275426
299.9693343275497	299.96933432754287	299.9693343275497	299.96933432754287	299.9693343275428	299.9693343275428	299.9693343275431	299.9693343275431
299.9693343294464	299.9693343275439	299.9693343294464	299.9693343275439	299.96933432754236	299.96933432754236	299.96933432754327	299.96933432754327
299.96933432826165	299.969334327545	299.96933432826165	299.969334327545	299.96933432755384	299.96933432755384	299.969334327557	299.969334327557
299.96933432770675	299.96933432754275	299.96933432770675	299.96933432754275	299.96933432754565	299.96933432754565	299.96933432754383	299.96933432754383
299.9693343275404	299.96933432754287	299.9693343275404	299.96933432754287	299.96933432754463	299.96933432754463	299.9693343275426	299.9693343275426
299.9693343275753	299.9693343275432	299.9693343275753	299.9693343275432	299.9693343275453	299.9693343275453	299.9693343275429	299.9693343275429
299.9693343275619	299.9693343275429	299.9693343275619	299.9693343275429	299.96933432754315	299.96933432754315	299.9693343275429	299.9693343275429
299.96933432760454	299.9693343275427	299.96933432760454	299.9693343275427	299.9693343275436	299.9693343275436	299.96933432754366	299.96933432754366
299.9693343276096	299.9693343275429	299.9693343276096	299.9693343275429	299.9693343275525	299.9693343275525	299.9693343275464	299.9693343275464
299.96933432761307	299.9693343275431	299.96933432761307	299.9693343275431	299.9693343275445	299.9693343275445	299.96933432754304	299.96933432754304
299.96933432754133	299.9693343275479	299.96933432754133	299.9693343275479	299.9693343275427	299.9693343275427	299.9693343275428	299.9693343275428
299.96933432756794	299.96933432754315	299.96933432756794	299.96933432754315	299.96933432754395	299.96933432754395	299.96933432754383	299.96933432754383

