=== Resultados da otimização (versão simétrica) ===
Status: OTHER_LIMIT

=== Matriz F (Poliedro) ===
0.013980509292237195	0.0093088672046279	-0.00042867185486956786	-7.172470066789375e-5
0.000349004333071979	-5.243583249506843e-5	2.11691417451979e-6	4.3606774691564495e-5
3.4767341369214534e-5	4.2715004537497047e-5	-1.010210246157955e-6	-1.2455419712766905e-5
2.760321147299463e-5	0.00021756138756232906	-8.962032837035618e-6	-4.101123935361426e-5
-0.15629750091104483	-0.08447918540336727	0.004371975812921595	1.5110023253487049e-7
3.441240747187189e-5	-0.00012814557547356526	6.5119094247307825e-6	1.7029840812577084e-5
3.411387196138632e-5	8.790001402738839e-5	-2.7766410051634924e-6	-2.4910495511758402e-5
0.00015651265823288433	0.046840641976553014	-0.0011758799344047102	-0.04666270359912688
9.316696832100865e-6	6.959304018441567e-7	0.0033324901969710003	4.390458415163838e-6
-7.651501960230614e-6	-4.7991296503538676e-5	1.965241251364608e-6	9.124541472073475e-6
-8.521191636295838e-7	-6.686235495157042e-6	3.274803994901861e-7	2.3055370119726187e-7
-0.00010559230708050697	-1.105402585546489e-5	-2.288504012225801e-6	1.9232655352485537e-5
-3.5855823972281026e-6	-4.269533088973708e-5	1.7754709976954267e-6	8.245836661756565e-6
4.272473814879452e-5	-8.998901409439414e-5	5.012684938863861e-6	9.024545605935416e-6
-3.9603012133373786e-7	-4.69772106370789e-6	1.9576414885661007e-7	9.069494351849345e-7
0.04017634323783182	0.1859760691799746	-0.005102455067660929	-3.837047262721687e-6
-0.004891913559888299	-0.004971599002121836	0.0001933774823837136	0.00019830646187666024
0.00012901664509551504	0.0004910564623633903	-2.0045446986120174e-5	-9.299767022378988e-5
5.1833182662273175e-5	4.41022400608518e-5	-6.759586304270878e-7	-1.52264025344348e-5
-0.0012666408667499187	-0.0009029945315459909	3.6223278741482074e-5	5.389892793946323e-6

=== Matriz G (Ganho do controlador) ===
-0.880398067054429	-0.8546826348094204	0.0354701993932107	0.071702901655826

=== Matriz K (Variável auxiliar) ===
-0.16375985234833454	-0.11956556345225837	0.005478533154181345	0.013432930057703163
-0.005200817458184305	-0.012864826778778858	0.00011248358357662976	-0.0002978110390966228
-0.0005256102291871624	0.024968190581326457	-0.01261897069997424	-0.025561055124632994
-0.005780119888152317	-0.012444100010283208	0.0003015685447401467	9.667651163490943e-5

=== Matriz J (Pseudo inversa) ===
274.9992612172567	59.96679795842222	63.70061385774739	10.642719505453625	17.36478601926763	81.67013010101904	88.520446191725	-1.1671039975541726	4.179577659886388	-9.57351925330122	6.165309202589473	-206.3209577761648	-5.22459640083625	96.49141798436138	-0.5706328266525185	-7.062909489713343	-112.24420338341528	111.68434388971883	97.51930654760449	371.4301677298922
3071.0963932088557	71.52516671927152	17.274169151703752	0.006278708997810183	-34.94554168193967	62.61637402706484	174.9681648762346	42.69351887059039	0.5810304445457053	-0.009681735953779394	41.88931463651937	-127.64978159564568	-0.05072278816400744	86.06129824612789	0.10177393623086649	118.43202588859882	11199.268856150877	-17.621233213129276	56.00091230261992	-1241.2144274867094
-4832.6218750139515	706.7786196118963	13.440254603279408	292.2553474478473	-212.04025775641463	16.836362912742516	7.685491109188869	-9.216915665826988	288.10983600855684	0.08934411377666913	-1.839312907238858	-16.80324684200575	-0.09649955601184965	16.828089262934295	0.12963735458748107	-14.56606639529145	-3647.7478367695944	11.432292942211609	15.484051750354997	-13342.249340796168
-7342.570976081326	76.35404472026984	351.58353341311704	0.8281911796309915	-672.6712676403451	573.3088736605058	459.13630922762866	-5.421489376992887	7.821127425023815	-16.873773861749743	38.316877844157936	-1253.498107560551	-0.22795190917738656	625.3515570882394	0.03896980386357191	99.84768186555502	1361.379616061435	215.0665655257512	545.4162829401323	98.23073794130386

=== Matriz H (Farkas - diferença Hp - Hm) ===
0.0010626747483570452	3.541919712318851e-5	6.634296565635918e-6	5.770953536158446e-6	-0.07158138635460301	5.1576220776441625e-6	9.056188756404945e-6	0.001542263123471597	0.0014311076378882822	-1.8368726463777532e-6	2.968339868989617e-7	-1.9195866215400252e-5	-1.1796046375514221e-6	7.256688205872254e-6	-1.2919374694619207e-7	0.006881801578587979	-0.0003948405460702919	2.465179245369955e-5	9.897585737875768e-6	-9.806236013917141e-5
0.00016086724614430142	-1.7438061696998033e-5	2.4926547000803795e-6	4.15481424695819e-6	-0.0020887028536752533	1.711481943219434e-6	3.586144184680555e-6	-0.0008234684685647599	0.0017588307089796496	-2.769682124169337e-7	9.818042923971648e-8	-8.937735770639388e-6	-4.4417087473151706e-7	1.9733571807551906e-6	-4.780316628216069e-8	-0.001252173504648916	-3.6215085457585484e-5	-1.1779514557967372e-6	3.2721994506854785e-6	-1.741312016969622e-5
1.5706222062808993e-5	3.0438900449842113e-6	9.969163066152892e-8	-3.3901864350278227e-7	-0.00016588489558677037	3.6452402223541985e-7	7.37526723911669e-8	0.00020071233977644095	0.00016134558354404492	1.1400289018359544e-8	1.8406518287848728e-8	-4.07710769711328e-7	4.28006871767278e-8	3.866490397158584e-7	4.705995852553879e-9	7.327783802233215e-5	-6.43130475997452e-6	6.027888796488259e-7	2.124297793140023e-7	-1.5105946136262718e-6
3.998635373710091e-6	2.1079684637088578e-6	8.212705816194182e-8	5.944113884116461e-7	6.82419211313328e-5	-7.419503378104653e-7	3.197291888719714e-7	0.0007435727801352191	-0.0009519249115238302	-2.9224615934794057e-7	-1.6470394879550265e-8	7.436970310397556e-7	-2.0745479216259521e-7	-4.854111656195023e-7	-2.2986220367220145e-8	0.000966751201495062	-1.3814069595881155e-5	3.384063142541048e-6	9.537021684359603e-8	6.551769955748937e-7
-7.419894334390172e-10	-4.683820610168358e-11	6.164801941393505e-12	1.5566147024036586e-11	0.825791517423445	-4.7342017832540985e-12	1.1870038702192759e-11	6.638213734014152e-9	-5.243984579442044e-9	-3.427505316650951e-12	2.1698839577383747e-13	-1.2895336855545642e-11	-3.240219472711267e-12	-1.6236788096195749e-12	-3.182013034107217e-13	0.031196746065799277	1.2103139871389604e-10	2.8599168040509744e-11	7.844098538679062e-12	6.570603151955381e-11
2.339791490278166e-5	4.505296683375917e-6	6.727183653014446e-9	-1.4730719451348448e-6	-0.0003491862149768406	1.3800956052368793e-6	-3.23433852934471e-7	-0.0003505350846510352	0.0011440771123525833	3.147926942326934e-7	5.1848250989458555e-8	-1.0718625187361788e-6	3.0724715461508817e-7	1.164261321064293e-6	3.3894524155246575e-8	-0.0007684724252765536	1.7244340812646794e-6	-2.2649774505875686e-6	1.817105625733298e-7	-3.1322063525169794e-6
1.3730144360174848e-5	3.61370175137269e-6	1.3799255283667572e-7	-1.852420105355121e-7	-0.00011841053665617891	2.2236324773508565e-7	1.738594329163401e-7	0.0004193186782318753	-3.5510125832544787e-5	-5.315627864092842e-8	1.56029544588418e-8	-3.419207517544112e-7	-4.68557243699097e-9	3.043269267309287e-7	-5.381577327864817e-10	0.0002773158443979667	-8.668431158021482e-6	1.471732692927448e-6	2.647983941327439e-7	-1.1147703560619032e-6
-3.3819734815908373e-9	-2.900506907669133e-10	-8.804204517124867e-12	4.891697639706891e-11	0.004414931700837737	-5.321753768551034e-11	-3.4981966963399813e-12	0.7622933245245972	-3.061020623373364e-8	-6.1974851162169156e-12	-3.132378308140633e-12	5.0142247961469927e-11	-8.327837281808826e-12	-5.117774524944335e-11	-9.725235060384285e-13	0.056246383082956965	4.970311600863462e-10	3.3886667496031256e-11	-2.0391067260667923e-11	3.3047555035989854e-10
2.2161322147366566e-8	1.8069823894804119e-9	2.3986673635167925e-11	-3.6896108478398686e-10	-2.822555357738285e-7	3.527380772317552e-10	-4.12313101563447e-11	-0.03382202104834158	0.9632712106350304	5.7904956861100775e-11	1.6724485128138903e-11	-2.5560298894546725e-10	6.80937406686552e-11	3.208468182308531e-10	7.466790119457853e-12	-2.377310230028618e-7	-3.7000418199089173e-9	-3.928582513087032e-10	8.41760786113469e-11	-2.2020035430178337e-9
-1.672221364820009e-6	1.588069404225706e-7	-6.90118711309251e-8	-3.1474802615442943e-7	-5.692065752395566e-6	1.9557690976879788e-7	-1.5787562286217333e-7	-0.00016470581751667265	0.00019973275266424017	7.829038207399913e-8	6.0156271786820925e-9	1.7839844426367768e-8	6.835009023174743e-8	1.2930802310850975e-7	7.52671833366414e-9	-0.00020775279433500344	3.2490568184955285e-6	-8.496511152847677e-7	-7.741332051520305e-8	-2.929527839062862e-8
-1.689553930615817e-8	1.846455224560964e-7	-1.2367403195295834e-9	-5.4631567735809183e-8	-3.2747474471251856e-6	5.121996033384535e-8	-1.401453608978337e-8	-6.8241712372690486e-6	4.471167440930554e-5	1.3210247390774144e-8	1.7225401348353042e-9	-4.457152535247699e-8	1.2102159251299593e-8	4.215275195215695e-8	1.3370915772151215e-9	-3.434746213540774e-5	3.8309731944814046e-7	-7.226352121119523e-8	4.940293760885561e-9	-3.562325454325305e-8
-5.1510783984292687e-5	-1.2063007576873681e-5	-1.5388846357888147e-7	2.419533814380752e-6	0.0006349677608396779	-2.0626482583442976e-6	2.3513654127949035e-7	-0.0002555865491667116	-0.0012127187851943251	-2.9091169103431097e-7	-9.648548826308306e-8	1.391655973122935e-6	-3.9003609103582804e-7	-1.9387385837912885e-6	-4.2905652022570684e-8	0.000371392700435195	1.3371058903473114e-5	6.617436152179038e-7	-5.627242867008858e-7	5.53337889555236e-6
9.274459068092655e-8	-4.142538650650507e-9	-3.523265429319217e-8	-2.2585855065804933e-7	-2.4031059081244983e-5	1.8728254687350177e-7	-1.0260377260231518e-7	-0.00014979567890440783	0.00019963424634809619	6.718545856199826e-8	5.564787817179118e-9	-8.815345406074093e-8	5.5505056366193795e-8	1.3090047717382453e-7	6.125718193979168e-9	-0.00019485913884703405	2.500102086741736e-6	-7.290865452602019e-7	-3.486424727822818e-8	-2.029270698969063e-7
2.5857104707499405e-5	4.463614626632265e-6	8.330540647843304e-8	-1.228375824910942e-6	-0.00035876648877450953	1.2679373231176683e-6	-1.726999087460837e-7	-0.00020880049581893222	0.00101368372748222	2.5404965392928497e-7	4.933123392246441e-8	-1.1753666863730666e-6	2.5499513168353305e-7	1.106067747874001e-6	2.814882479884595e-8	-0.0006140233696137615	-1.1469620232922376e-6	-1.5821775008178357e-6	2.779105699318718e-7	-3.2418393758988293e-6
9.63087543395802e-9	6.645801938279239e-10	-3.903692053636165e-9	-2.5131047087963154e-8	-2.6353087292530636e-6	2.0763949933576276e-8	-1.136725392199972e-8	-1.6480258619637998e-5	2.2079937358267764e-5	7.425311089083453e-9	6.199453884275785e-10	-9.683858263019596e-9	6.149758825443885e-9	1.4541810698306956e-8	6.787025125937207e-10	-2.143634569632888e-5	2.7528812303768274e-7	-8.03475604677778e-8	-3.841747565902498e-9	-2.2370259509379986e-8
4.575433585097003e-9	-5.76893162292917e-11	-4.749420765048999e-11	8.045048491008925e-11	-4.833707855296664e-8	-1.4217176272733496e-10	-5.330811622167801e-11	0.041473415084198724	-5.389638764890873e-9	-1.2707314761490518e-11	-1.00412760355748e-11	2.1659445719061339e-10	-1.4088129590718109e-11	-1.3943247190294042e-10	-1.841300866640092e-12	0.9304914225859925	-2.184182513658762e-9	1.3490090715145688e-10	-8.22098792197335e-11	-4.356422474888193e-10
-0.0009007056455890301	-2.2772220988414096e-5	-6.7872661154598155e-6	-9.3093365979742e-6	0.02298359458395044	-2.2512345241171294e-6	-1.0042944773139967e-5	-0.0037733462957911332	8.218966681235867e-6	2.5048259449352364e-6	-1.8868589059771457e-7	1.778166524600295e-5	1.874843004179283e-6	-4.820747844982119e-6	2.0575772281729993e-7	-0.011411862279326215	0.0003698891670095381	-3.0144924573173408e-5	-9.726151261809333e-6	8.28637085073516e-5
4.2049066264503165e-5	-5.842771529602185e-6	1.3187514735658185e-6	3.844501932237336e-6	-0.000242387275174092	-1.416914615588738e-6	2.485843373080561e-6	0.0016641311414831795	-0.0018043170445978364	-8.918279647820646e-7	-1.3095181835599823e-8	-2.037735183551062e-6	-7.876259736482732e-7	-6.477921142521159e-7	-8.652241918066794e-8	0.0019603001605486142	-3.959596367089299e-5	7.725000720968517e-6	1.6271369895643623e-6	-2.4857897929211545e-6
2.420234090690001e-5	4.268582987619965e-6	1.6791938847304094e-7	-5.358658000161748e-7	-0.0002686115261939844	6.402309616964849e-7	1.1788680467830076e-7	0.00023695324318671277	0.00034401680296861255	4.080037534388847e-8	3.089685028916794e-8	-7.67559775833801e-7	7.987305882667384e-8	6.537319821248513e-7	8.807856561286742e-9	1.2489766013226017e-5	-8.63046173172309e-6	5.918291180817895e-7	3.461665484807627e-7	-2.4405787400561332e-6
-0.00046777356393917866	-2.135821467298942e-5	-2.60744958536889e-6	-4.5791867916630813e-7	0.006370878986498422	-3.545301860406226e-6	-3.222287022150612e-6	-9.469470192760045e-5	-0.0013166448297513055	4.2468920946354266e-7	-1.8767688614480804e-7	8.449587064529585e-6	1.334586604917823e-7	-4.185348108870154e-6	1.4444022338432061e-8	-0.0009636715040368836	0.00015939692553179272	-7.777791742415163e-6	-4.115980147396253e-6	4.354510339288093e-5

=== Matriz L (Farkas - diferença Lp - Lm) ===
-2.8756128982353017e-5	2.9761189421209297e-6	-5.124962946922301e-7	-2.0444886822809302e-6	-1.9452608597874885e-6	1.0206783967424415e-6	-9.912647975411984e-7	-0.00010050560510573275	1.287482466461997e-5	4.3835931930798905e-7	4.697169393805961e-8	5.734927380112234e-7	3.988692768071983e-7	6.670308378871337e-7	4.3919909301429194e-8	-0.003150924253274545	3.647221328623943e-5	-4.179953824562724e-6	-5.724359468366885e-7	3.688789757627306e-6
-8.242078311463535e-7	-3.613698898200998e-7	1.06926744593977e-8	4.0590010702383494e-8	-1.107580804968547e-6	8.871115664103868e-9	1.7760610731241966e-8	-6.16358560002854e-6	2.3588077906491756e-5	4.702086622843105e-9	4.97891622895652e-10	-6.346246227747349e-8	-1.2104883363034391e-9	3.69185332825539e-9	-1.1677365671647344e-10	-9.225941587006313e-5	1.1831010451063967e-6	-1.1673313363852467e-7	9.652940577940805e-9	5.836050663912684e-8
-9.86641984267525e-8	3.567055080217624e-8	-2.912625677101155e-9	-1.2634377494734339e-8	2.675649317150988e-7	4.7251715335622224e-9	-5.4543972047294e-9	-5.276574120511787e-7	1.5676898837031772e-6	1.6857777864615064e-9	2.732249678241705e-10	7.0922810506413025e-9	1.954209094892634e-9	3.504238755072664e-9	2.146158632754247e-10	-7.40316117495924e-6	1.0529480946614572e-7	-1.4117337635705107e-8	-3.007742002507363e-9	1.1341293923959606e-8
-6.93843952180237e-8	7.261435412686534e-8	-7.350824698069969e-9	-7.335477336667395e-9	9.288015545873274e-7	-9.799251771136497e-9	-9.572767000962101e-9	1.8794526883934848e-6	-1.3425862959995198e-5	-3.395479522549927e-10	-5.398619901814117e-10	2.8481119363973906e-8	2.9702887111709986e-10	-9.598734990005908e-9	2.9500542633731364e-11	2.792013175647798e-6	-1.786340467907488e-8	2.516275980895405e-8	-9.847802190030008e-9	2.655083646604245e-8
-2.624549646691918e-10	-3.492842413356255e-11	6.8398905648459426e-12	1.8414563035691417e-11	5.005890699858005e-9	-6.0612623537710806e-12	1.2873981990076535e-11	0.0011297767540851523	-3.753823280415539e-9	-4.102858855718188e-12	6.890328091392184e-14	-1.3293798559718736e-11	-3.757018420953525e-12	-2.3938856254462194e-12	-3.845781058869726e-13	0.03630318329176397	-4.747789297430474e-11	3.7819083343273594e-11	8.656802610442905e-12	2.2766692738553735e-11
-1.0613628001476805e-7	2.222338078231717e-8	-2.7514825487462424e-10	-2.006015378721443e-8	-4.104698231831294e-7	1.742878363159006e-8	-3.994253402854475e-9	-2.6215824985515238e-6	1.4960135050825184e-5	3.872134057836263e-9	9.068652825211521e-10	-8.89560646585158e-9	3.8600478716177555e-9	1.465589249179805e-8	4.2606342759432536e-10	-1.5348337203602812e-5	1.9823407407162236e-7	-4.540115300551151e-8	1.5161329223328801e-9	-3.29846390739047e-9
-1.0567746427329189e-7	4.7300698579298694e-8	-4.077988499835705e-9	-1.2877466979040186e-8	5.503580725509799e-7	1.887828521979218e-9	-6.638936133479545e-9	-9.209750753864931e-8	-1.3337048484609107e-6	1.1990404580677905e-9	1.6424534649006617e-10	1.3475040911217762e-8	1.6863411665332673e-9	1.0459333165194207e-9	1.8458386728814613e-10	-5.362058610341482e-6	8.469436942742936e-8	-7.126490189635071e-9	-4.661897486102351e-9	1.569085616385385e-8
-3.4025440065969186e-9	-2.8428330553733933e-10	-6.635358609017941e-12	4.6972553533597166e-11	0.0010499560471060251	-4.819817318799773e-11	-8.4751526080782e-13	1.2591206989095492e-7	-3.043079723038771e-8	-5.979966065183805e-12	-2.772142007403153e-12	4.1328270305328337e-11	-8.001784830549532e-12	-4.602238818925357e-11	-9.266654886476904e-13	5.459466514052453e-8	5.310196010608752e-10	3.219822412606611e-11	-1.6784497373567764e-11	3.3311327933659e-10
1.855683205393834e-8	1.735787606607282e-9	2.2945178458974764e-11	-3.9025646923565373e-10	-1.9647683417966313e-7	3.6913836862439017e-10	-4.275950940142735e-11	-0.001783738469832221	2.707357268231923e-7	6.257007530791979e-11	1.8404696883205483e-11	-2.669502806157576e-10	7.183286265162762e-11	3.3399632956865496e-10	7.94100353419884e-12	-2.6255750501507014e-7	-2.289826586571196e-9	-4.527502673957586e-10	8.453195808575265e-11	-1.868028964982943e-9
1.8986503120578535e-8	-1.2977610774206338e-9	5.882099312834455e-10	-9.228169253056029e-10	-2.0603554498708349e-7	2.212164700553243e-9	3.725492388542695e-10	-3.827649055669971e-7	2.8353606661840614e-6	3.790758106719805e-10	8.119506803017096e-11	-3.588804293672143e-9	3.081587866826663e-10	1.9462764238795116e-9	3.412444979367102e-11	-2.014845448825367e-7	-1.2713700110050796e-9	-3.989344082508395e-9	9.664066812423155e-10	-5.393039569610847e-9
-2.6376229238928017e-10	-1.7756445706146318e-10	1.17458459625297e-10	-4.2337069093567603e-10	-5.730015538440991e-9	5.127285904876766e-10	9.33905392255796e-11	-8.803620441324989e-8	5.731041130777742e-7	4.2093396476761136e-11	3.723896711826935e-11	-3.636343153673449e-10	6.327675970002611e-11	4.935435038086466e-10	7.031077976782374e-12	-1.4141550881436454e-7	1.989288559399449e-9	-1.3127657138428672e-9	2.0935985844267035e-10	-6.717209809214975e-10
3.114347850467422e-7	-1.4208696509209612e-7	1.0471693170574503e-8	5.054255449148809e-8	-3.8311944865719594e-7	-2.277359537668916e-8	2.1249740122901428e-8	3.13700573665969e-6	-1.4503135469279803e-5	-7.745706291639731e-9	-1.0848213230496562e-9	-1.855842299367666e-8	-8.421205679835786e-9	-1.7123324008716523e-8	-9.253921847557356e-10	2.8171856569785166e-5	-3.888131309363191e-7	5.982016300278697e-8	1.02038952721345e-8	-2.6727604699773588e-8
9.088231057476082e-9	-6.083241523360816e-9	8.328634015092318e-10	-4.277105327896158e-10	-1.8741708708233662e-7	2.3409566186557984e-9	7.869378777086711e-10	-4.075951446922202e-7	2.8011829399090735e-6	3.453882249648821e-10	1.0594233042920953e-10	-4.269104553374092e-9	2.463464354382494e-10	2.0931718944933175e-9	2.7511613646946653e-11	-1.0184288581852746e-6	9.773919438550716e-9	-5.42875404786064e-9	1.2478908462121296e-9	-4.423948992728077e-9
-1.2866779010387713e-7	2.2631605060483007e-8	-7.546175602793359e-10	-1.9500705343913904e-8	-2.3092557573968497e-7	1.587120883675408e-8	-4.328087542006254e-9	-2.38956403272525e-6	1.3037237766392977e-5	3.63092828546685e-9	8.568877994316604e-10	-6.1386122027565215e-9	3.660977259192788e-9	1.3261647878806682e-8	4.040857657164332e-10	-1.5814936239894918e-5	2.0802564504058402e-7	-4.322570657400854e-8	7.384565268303556e-10	1.4338399651619982e-9
1.0048730424150332e-9	-6.534080455519731e-10	9.092063647103688e-11	-5.075595586184756e-11	-2.0614520364163613e-8	2.5889781377769205e-10	8.511502787300618e-11	-4.504412600293134e-8	3.095918273540374e-7	3.8369602634036326e-11	1.1715142744783691e-11	-4.678584386227924e-10	2.7624138219939365e-11	2.3141587257580198e-10	3.084249869389488e-12	-1.116438796914393e-7	1.071195107442413e-9	-5.981918883846138e-10	1.366806633151807e-10	-4.882838595260397e-10
1.8505610138846073e-9	-4.7671340361782614e-11	1.4492386871377222e-11	5.818378724052592e-11	-1.6231779564655342e-8	-2.894231147881805e-11	2.758855170323008e-11	3.782764016475702e-8	-1.0331640263568298e-8	-1.2267318241047632e-11	-1.3391879079132282e-12	-1.7667664775296637e-11	-1.1204560332962291e-11	-1.898707483395554e-11	-1.1785566569487128e-12	3.8384297373871654e-8	-1.0875308264983427e-9	1.2224201551644956e-10	1.6361472443178717e-11	-1.775366406363175e-10
1.0663032400942338e-5	-9.439852427508763e-7	1.7935217538986997e-7	7.009056542627012e-7	-3.1610093573358755e-6	-3.4707520478721027e-7	3.414165510116224e-7	3.140535772594346e-5	1.134649509414859e-5	-1.5154384406385057e-7	-1.6661199420120454e-8	-2.0628593888974422e-7	-1.371133762674559e-7	-2.2472896049098579e-7	-1.510068676872922e-8	0.00101487621264298	-1.3173154784795228e-5	1.460741858173853e-6	2.019164060812484e-7	-1.3691699729005344e-6
-3.2610908352014023e-7	-4.495008655396038e-8	-6.127135133461581e-9	2.6185962235386606e-8	2.0808712822371206e-6	-2.991447586603996e-8	-2.561937708853157e-9	3.0546531214290656e-6	-2.5973562990885997e-5	-3.2186273533560406e-9	-1.5795660153125612e-9	2.756501669975986e-8	-4.325460954690552e-9	-2.8216915916659535e-8	-4.751954411560955e-10	-1.125061947767226e-5	1.8778498154809614e-7	4.702318268622052e-8	-1.186594185496187e-8	6.528697904170655e-8
-1.480939214489052e-7	4.422938940183002e-8	-3.6387649803015787e-9	-1.776941861101472e-8	3.220821713084687e-7	7.84218678016868e-9	-7.164353724858907e-9	-1.009812099966867e-6	3.7584563895905893e-6	2.5622060046553985e-9	4.5106897383906386e-10	7.702622995160724e-9	2.8588195994522225e-9	5.9764625774325064e-9	3.143723380574781e-10	-1.1960165593133919e-5	1.6762333755922232e-7	-2.3815269162112684e-8	-3.5901521755477006e-9	1.5026392761151308e-8
2.8837275463655665e-6	-3.242416210576943e-7	5.4181269134451204e-8	2.1519753902379118e-7	2.4895080785042323e-7	-1.0646798684777609e-7	1.0441105423569103e-7	1.1215127541540013e-5	-1.564566139466983e-5	-4.570376544929533e-8	-4.946852428557025e-9	-6.328975026698158e-8	-4.1799530602418256e-8	-6.964227315837956e-8	-4.602370208897644e-9	0.00028200915789616723	-3.6855753985558584e-6	4.3534673417350983e-7	6.049693533714123e-8	-3.5422633427439204e-7

=== Matriz M (Farkas - diferença Mp - Mm) ===
-1.0911996156695927e-5	-5.804629786823265e-7	-1.0624679035783208e-7	-1.5280681003957547e-8	0.0001188372356937667	-1.5758665066574126e-7	-1.2018609625965085e-7	-0.00016029025279727964	-0.00022213974240611715	9.669304206275098e-9	-5.900457498899531e-9	3.623247899126915e-7	1.4976599660952716e-9	-1.757903203684387e-7	1.7008189041184396e-10	-5.230181726822991e-6	4.061358765411992e-6	-1.947571973701448e-7	-1.6369563850347074e-7	1.2386153588187822e-6
-3.203981072926257e-7	-1.0134091061979322e-8	-3.4565556987845025e-9	-2.151523444213904e-9	3.5649402998641846e-6	-4.082063682735171e-9	-4.351210029437946e-9	-4.654890882731938e-6	-5.697548045864153e-6	4.4152048813903e-10	-1.838408834886618e-10	1.1664605963860458e-8	2.8280583517364954e-10	-4.719194060271575e-9	3.075161392890324e-11	4.385207620898751e-7	1.1376995027838344e-7	-5.772464143401906e-9	-5.124796901949391e-9	3.548874958833603e-8
-2.5456369483287805e-8	-2.0159895879404144e-9	-2.3506774825265975e-10	-2.454052499406556e-11	2.7130191156913425e-7	-3.178635982897804e-10	-2.982919566733855e-10	-3.7687338299077777e-7	-5.744007067804043e-7	3.927102653483727e-11	-1.8294872127649908e-11	7.450669642881935e-10	1.1938157060131793e-11	-3.7958386997841154e-10	1.3213184886506912e-12	-5.305919449334964e-8	9.855986998329874e-9	-7.470416511952405e-10	-3.7202089542623384e-10	2.935500181475148e-9
1.0106725262248872e-8	-1.1585645962562674e-9	6.450945853886392e-11	1.1225202625059216e-10	-1.6725164534618989e-7	9.598539931626737e-11	6.654382036716533e-11	1.1644281936850492e-7	-3.606418468287548e-7	1.7743500245470667e-11	1.5743179329619217e-13	-3.258998296923332e-10	1.2359731293987153e-12	7.652278723874195e-11	2.0103623626921419e-13	-4.065459014370061e-7	6.027916230402774e-11	-4.014564947835142e-10	7.738180539049178e-11	-3.9159641545064017e-10
9.632222055608422e-10	4.568677429183918e-11	2.6149086795588993e-11	1.7215649881865505e-11	-0.0013879864470573752	2.4539878608582e-11	3.7600258750739804e-11	0.001843408406783937	0.002175630301208805	-5.821583512074561e-12	2.090938752748731e-12	-7.941285997798393e-11	-3.9329105499468354e-12	3.1943869941041325e-11	-3.748655987910096e-13	6.4752706395470984e-9	-4.0784939614866755e-10	6.572697926060696e-11	3.916389714546474e-11	-9.883963211569913e-11
-5.323833378268958e-8	-2.802749027221857e-9	-4.318632322412863e-10	-3.017937288962713e-11	6.228491572402191e-7	-6.613726458853941e-10	-5.142196828934742e-10	-7.575536060777481e-7	-6.548471052103023e-7	3.9139782127134426e-11	-3.1973993331463335e-11	1.490081445818664e-9	3.178197722358833e-12	-7.409243622281958e-10	3.2198332541866215e-13	2.861069088194203e-7	1.692113579202653e-8	-8.802035927381324e-10	-6.765726911009406e-10	5.400678947022758e-9
-1.8180807955479883e-8	-2.0210130439839158e-9	-1.8200048369429456e-10	-5.3738394810431966e-11	1.800483246830291e-7	-1.8340488286069934e-10	-2.60295005601735e-10	-2.7851394958670547e-7	-5.46482557873141e-7	5.24383279854046e-11	-1.5499535682694798e-11	5.026478994314687e-10	2.415690390777936e-11	-2.5294142431617206e-10	2.6755407785128416e-12	-1.3628897481150065e-7	7.961968255271873e-9	-8.847649661525292e-10	-2.8982512874017874e-10	2.2653858905950786e-9
7.855529310308912e-9	2.3036496589719288e-10	5.30200474506338e-11	7.0426355854797e-11	-1.2728841433650889e-5	1.6040004098896117e-11	7.83793061916976e-11	4.429094179927284e-9	3.243836839514537e-10	-2.0297188187859156e-11	1.762805153791267e-12	-1.3509466717137495e-10	-1.492003582250377e-11	3.710621115680667e-11	-1.4550381776648043e-12	4.12543948071593e-8	-2.935368124458089e-9	2.3435400470000814e-10	7.650249667078649e-11	-7.528754450591652e-10
-6.415151373049989e-8	6.903615407838714e-10	7.795333275707598e-12	-6.262455596731657e-10	7.863906678060952e-8	5.751056265689064e-10	-9.947659353055705e-11	-1.2473203880463123e-7	-3.19652552364442e-9	1.2948370532684234e-10	3.033286918796176e-11	-4.371424105775472e-10	1.2295899822813017e-10	4.851732880894443e-10	1.4061500549063376e-11	-8.955557363753036e-5	9.556736602403962e-9	-1.2688423802619873e-9	7.764438753468751e-11	1.152534550819928e-9
-7.908279569396326e-10	1.236224326031654e-10	1.6326622779422317e-11	3.781576224035077e-11	2.0989541147254515e-8	-1.45439992514651e-11	3.303981394031652e-11	-4.746686930665045e-9	1.0528172917322054e-7	-1.1627036139438829e-11	6.567736805795921e-13	-2.331724396897883e-11	-9.062496413025922e-12	-3.1615621579050845e-12	-1.0014189998075462e-12	8.786292204476104e-8	-5.267578500126047e-10	1.3402643881874066e-10	2.250209263712777e-11	-8.197968649412135e-11
-4.73173466988136e-10	-2.61615022180417e-11	-2.7620041670450846e-12	-9.611225010308644e-12	7.143837986445245e-9	4.956983174625451e-12	-7.456680238548952e-12	-6.222302028225518e-9	9.817548619981548e-9	2.525479825266075e-12	-2.8706854601767695e-13	3.099221834029775e-12	2.1299806536589916e-12	2.4762904400621455e-12	2.3263899487369066e-13	1.4036372475347697e-8	4.536900716223258e-11	-3.0294082780518705e-11	-3.724512451924733e-12	2.3913757692811677e-11
9.713173791236346e-8	7.25762244009262e-9	8.14263283969302e-10	-5.233089786157996e-11	-1.0743691404632022e-6	1.226177888391522e-9	9.934520372144318e-10	1.4170690066242844e-6	1.808407216308261e-6	-1.0895465562751894e-10	6.626422500988216e-11	-2.6639340451432847e-9	-1.357755097589064e-11	1.420181026598466e-9	-1.5148659236741135e-12	-7.6440379403412e-8	-3.501383535496269e-8	2.3813298485886314e-9	1.3033663510443605e-9	-1.065363049428808e-8
-3.6158398844521322e-9	3.26932001436242e-11	-1.900922995401455e-11	7.290957334399328e-12	5.089799680899412e-8	-4.8439873206324036e-11	-1.4414816128932584e-11	-4.6561342878070205e-8	4.0228679280135404e-8	-5.419759693120474e-12	-1.1439417121894557e-12	9.0862525402996e-11	-4.4460342525642904e-12	-4.489558204368027e-11	-4.974367272259084e-13	8.093909969770358e-8	5.767221739234885e-10	6.07251315204449e-11	-2.9065207705902818e-11	2.528057290417107e-10
-5.476009083422301e-8	-3.010815981946413e-9	-4.679438464320895e-10	-7.995496755994203e-11	6.301180069546303e-7	-6.694918248256743e-10	-5.734992576320042e-10	-7.8526227433387e-7	-7.76695063476468e-7	5.374994373197328e-11	-3.394576850515585e-11	1.5788598384421093e-9	1.4052350862797658e-11	-7.647333599702932e-10	1.5194425578846094e-12	2.1936393937655244e-7	1.8103239033274293e-8	-1.057884855670127e-9	-7.287730406126125e-10	5.701169464907702e-9
-3.965642098556488e-10	3.34201763485531e-12	-2.063394594076229e-12	8.395419776041635e-13	5.584413560050239e-9	-5.2971316569228044e-12	-1.5538108993906619e-12	-5.101153018223503e-9	4.4327037175377615e-9	-5.951975023954503e-13	-1.255514789355594e-13	9.883670271104705e-12	-4.910538121960517e-13	-4.908327216890385e-12	-5.511606795960411e-14	8.891240718504612e-9	6.310200322337534e-11	6.6186136432611065e-12	-3.1612035038264263e-12	2.7682656947997097e-11
1.6855528892278354e-8	1.5187381367334824e-9	8.614661155804447e-10	6.586163340140518e-11	-3.968607641922025e-5	1.2221725084062855e-9	1.1503089431209464e-9	-1.4034569871071532e-7	-1.614500877022756e-8	-8.33817790917336e-11	9.52527352620491e-11	-2.9851001841591526e-9	-3.3250160762841215e-11	1.3869306586072275e-9	1.5461762313289423e-12	-0.0005064152598723797	-4.154094315565713e-9	9.207682571554946e-10	1.3398149641306045e-9	-1.6843059796853196e-9
3.526207363371489e-6	1.925238037841885e-7	3.513398128636089e-8	5.0732127982074104e-9	-3.76687444772171e-5	5.2208183280461756e-8	4.047173875849561e-8	5.183030958469826e-5	7.837575664124434e-5	-3.2085660872996358e-9	2.1275215313434903e-9	-1.2036082518976018e-7	-5.31380649117924e-10	5.829763796922141e-8	-5.893801028819534e-11	6.6148593176845565e-6	-1.3569756877151833e-6	6.380202756221809e-8	5.42506525371203e-8	-4.1005855718314124e-7
-3.7992602306378964e-8	-2.3029707715491177e-9	-6.948228164702086e-10	-7.694713755057592e-10	2.9732543531044153e-7	-4.500410118353504e-10	-1.0086722889227073e-9	-6.232686703116358e-7	-1.9011518702705989e-6	1.8509069190514316e-10	-3.3364646982725343e-11	2.030251503807451e-9	1.4069066051058954e-10	-6.590352313352865e-10	1.5452865115977987e-11	-8.388593353151133e-7	2.1789990385830127e-8	-2.1325328989664494e-9	-1.003388251392262e-9	5.972783436673096e-9
-4.11766000229033e-8	-2.9849869555287345e-9	-3.8244809142523595e-10	-6.990960935149282e-11	4.4531612140895696e-7	-5.063075180465615e-10	-4.867695938166883e-10	-6.061999700194935e-7	-8.648040018691475e-7	6.212671392960556e-11	-2.8721722916680292e-11	1.2229882419279026e-9	2.1467825347259994e-11	-6.029909579464976e-10	2.364568610357942e-12	-3.90852219218224e-8	1.5509283993794115e-8	-1.1408242046352657e-9	-5.999707783539698e-10	4.6667722256032995e-9
9.79125700977749e-7	5.330506982299463e-8	9.519890616701415e-9	1.4549925643654593e-9	-1.0604219086719682e-5	1.4046978792821296e-8	1.1112580194580501e-8	1.434778160780371e-5	2.0334518819170675e-5	-9.1725931884723e-10	6.021326531997773e-10	-3.255291153910628e-8	-1.8073689203243481e-10	1.5750436925185407e-8	-1.980902291157105e-11	7.903908762828087e-7	-3.672165833604364e-7	1.7919404960309998e-8	1.4722184326666776e-8	-1.1171445091521723e-7

=== Matriz N (Farkas - diferença Np - Nm) ===
-0.00017667953097592068	-3.5774947930262632e-6	-1.0828988077811463e-6	-1.80097199983624e-6	0.0023968716243677273	-1.0488306156821586e-7	-1.6416258050988564e-6	-0.0007195726428364164	0.00022637618088100627	4.558954897261082e-7	-1.406286310361507e-8	2.6447094372784516e-6	3.5300236442357275e-7	-5.54441341716911e-7	3.88066808553085e-8	-0.0008732386535234269	6.769712076776062e-5	-5.310106701355774e-6	-1.5182321019932728e-6	1.58454940974136e-5
-5.3252967717335245e-6	-1.0104589692012597e-7	-3.717695413844868e-8	-5.379775115102112e-8	5.8439333324851635e-5	-1.231006990050007e-8	-5.5246908861519145e-8	-1.757261276342202e-5	5.531360828694206e-6	1.3186965954099794e-8	-1.019822989511282e-9	9.889246142770133e-8	1.0195791471517834e-8	-2.583466628168843e-8	1.1193029792952447e-9	-2.13129260748365e-5	1.988697483216225e-6	-1.5163863574443187e-7	-5.2744447321447646e-8	4.799985714094325e-7
-5.456395367280618e-7	-1.4658389134013933e-8	-4.146117997105153e-9	-4.9079788345431086e-9	5.9817377262090694e-6	-2.077075354593727e-9	-6.1192073738843e-9	-1.798710035625685e-6	5.663377037399935e-7	1.3650611040832983e-9	-1.744265092605557e-10	1.1258201394141049e-8	9.847503971115168e-10	-3.56169700069936e-9	1.0818877087606649e-10	-2.1816459568123163e-6	2.0369386644243648e-7	-1.6801812802169636e-8	-6.0303772175460124e-9	4.905107595619407e-8
-5.076733302989203e-7	-1.6238529199682356e-8	-3.737826795042337e-9	-4.2939033036669405e-9	5.566419097720321e-6	-1.796895630554185e-9	-5.548194375714494e-9	-1.673604626992349e-6	5.267819684282027e-7	1.3239292908501232e-9	-1.6604743057965776e-10	9.845754517234795e-9	9.294458818039086e-10	-3.2256801925714673e-9	1.02110742604411e-10	-2.0299689960155513e-6	1.895021368544976e-7	-1.6469042835639408e-8	-5.4812686013303025e-9	4.5500387968640255e-8
9.406941757426792e-10	-2.804021821975159e-11	-1.7655329528155085e-11	1.4707782207564398e-11	-0.026887141661777275	-3.9595132666439624e-11	-2.187421143879815e-11	0.008019043722209854	-0.0022204802896067678	-1.5129074705673673e-12	-2.8813605214430297e-12	7.04409423556477e-11	-2.3414857665130275e-12	-4.083435201300657e-11	-3.349267613542004e-13	0.009755609150106518	-4.3585396786923403e-10	1.4544883963621667e-11	-2.9077518043584037e-11	-7.4284247944847e-11
-4.710034359036233e-7	-1.1454232133091546e-8	-3.2848618413024167e-9	-4.06129496135707e-9	5.165869648161327e-6	-1.559864776408404e-9	-4.8087419614838145e-9	-1.553477631364205e-6	4.892425325944867e-7	1.0673254151154221e-9	-1.1602728760412573e-10	8.938107768242248e-9	7.767119200412231e-10	-2.718173434598792e-9	8.541624482369392e-11	-1.8841970895753027e-6	1.7587170705749347e-7	-1.3311607688099719e-8	-4.7491468383766e-9	4.2360306095300115e-8
-5.518401791737397e-7	-1.605730157519525e-8	-4.853716558447102e-9	-5.151010753785129e-9	6.042879800234775e-6	-2.928478722106359e-9	-7.167458274462413e-9	-1.8172482849801268e-6	5.722538631734372e-7	1.482745916065592e-9	-2.523284042647844e-10	1.3535150005569013e-8	1.0502762999575754e-9	-4.595563173059869e-9	1.153351550549353e-10	-2.204065771118594e-6	2.0593812952336699e-7	-1.838007517799417e-8	-7.1213613729928515e-9	4.964857193770489e-8
-4.672087588387719e-10	-9.886909597038904e-12	-1.426168664659345e-12	1.916481954019773e-13	4.866053552164803e-9	-2.7333635888869994e-12	-9.981300149389234e-13	1.4955025850928613e-9	1.1914784551958374e-11	-6.361002952564405e-14	4.823608556775533e-15	5.478894698388861e-12	-1.6401648647657072e-13	-2.7573354193978557e-12	-1.7876762700700017e-14	-3.5620872243929446e-9	1.8548727897987437e-10	-8.168626756361238e-13	-2.2011257520765415e-12	4.356658801819064e-11
-1.4853923358751587e-8	-2.1323735223469663e-10	-6.243266191839275e-11	-1.4174079658256515e-10	1.9372478802308924e-7	2.673687148710548e-11	-9.411417511489403e-11	-8.432787439121236e-8	4.771236072736618e-12	3.3704330794553355e-11	2.438956771785967e-12	1.280419714292409e-10	2.7084758252609474e-11	-3.501501615605643e-12	2.9912940403909625e-12	-1.817882706524918e-7	5.845110685144317e-9	-3.8211123745926985e-10	-8.307055832166524e-11	1.2767793500332796e-9
1.3592547806837857e-7	3.4952525452928984e-9	1.1782736388139814e-9	1.381193653806484e-9	-1.488808461225493e-6	6.202039511300772e-10	1.7516028900758929e-9	4.476895859896468e-7	-1.4093301572244352e-7	-3.788009554465954e-10	5.563942926181675e-11	-3.2454736168495424e-9	-2.7809950826560015e-10	1.0324824658430876e-9	-3.051363068468094e-11	5.4298169979922e-7	-5.0729012815529245e-8	4.507904986360972e-9	1.7123410150747531e-9	-1.2244096789845033e-8
1.6134418906812997e-8	2.9530329397065014e-10	-8.195214038636545e-12	1.0776967946518612e-10	-1.7820828699397287e-7	-1.104139796086201e-10	-9.904037659436149e-12	5.3543288848663384e-8	-1.6829579801806716e-8	-2.5954001968420126e-11	-9.412018039944847e-12	1.0967506026623997e-10	-2.1957979705333752e-11	-9.439314737832993e-11	-2.4187700453648375e-12	6.495715782232556e-8	-6.035520990540361e-9	2.82385231517579e-10	-2.2765508228550502e-11	-1.437190144237127e-9
1.607615789967886e-6	4.413201317842591e-8	1.1754908831040911e-8	1.38714319618434e-8	-1.7630887568904473e-5	5.837869333780166e-9	1.7305444324072772e-8	5.30159004935582e-6	-1.6693342472741055e-6	-3.8978180127990925e-9	4.795141176489048e-10	-3.175984836234491e-8	-2.788778404819864e-9	1.0081753707476965e-8	-3.065302317528662e-10	6.430337307264129e-6	-6.00187023829489e-7	4.854703593206583e-8	1.7114263283456166e-8	-1.4441986347221367e-7
7.163673654275726e-8	2.217964365988645e-9	6.657799138387599e-10	7.065580711652919e-10	-7.841544320224929e-7	3.934771011619709e-10	9.909417401227083e-10	2.3579171922003678e-7	-7.422446965475032e-8	-2.109064073559097e-10	3.650634742419223e-11	-1.8395122968264954e-9	-1.4983096274095997e-10	6.279599132352764e-10	-1.6438451294620293e-11	2.859836317268931e-7	-2.6728055635069636e-8	2.561675584763362e-9	9.783592508187666e-10	-6.442662164613672e-9
-6.127517206827582e-7	-1.502733904630224e-8	-4.565888774704652e-9	-5.526121482721941e-9	6.718163495727115e-6	-2.2750697883759663e-9	-6.710333109050809e-9	-2.0202868304757503e-6	6.362138742369364e-7	1.464879492013571e-9	-1.791733077009805e-10	1.2509114645162245e-8	1.0684252098498714e-9	-3.8710772022783335e-9	1.1742301445419323e-10	-2.4503581104728944e-6	2.287712919579396e-7	-1.8047524335661896e-8	-6.6127948867601705e-9	5.514010129742397e-8
7.904885203011136e-9	2.4325013401119144e-10	7.327548810776019e-11	7.80426279156643e-11	-8.653094995311056e-8	4.3135918014608476e-11	1.0905273212236111e-10	2.602062426464158e-8	-8.191102903159359e-9	-2.3234044462666636e-11	3.997822472373569e-12	-2.0240908515239964e-10	-1.6524366944214997e-11	6.894288135175786e-11	-1.8130245568737102e-12	3.1558512609154016e-8	-2.9493922998335975e-9	2.8195991288310074e-10	1.0763812540934281e-10	-7.109650416135815e-10
-1.0113616816627373e-8	-2.879783428729634e-11	-3.74280951130382e-11	-2.2050602106786716e-10	0.00781585483936077	1.3999227338340159e-10	-8.398191868336486e-11	-0.002308344346599397	1.5240984599136274e-8	4.9313541984427134e-11	6.930533414669583e-12	-1.151530361872961e-11	4.368139971421699e-11	1.007188729989257e-10	4.826972239970997e-12	-0.0028428609620845652	4.705689566100904e-9	-5.206016000284556e-10	-3.654419851984886e-11	9.702718773320025e-10
7.484963883242672e-5	1.6744437835625355e-6	4.5007140241689475e-7	6.826410999540532e-7	-0.0008458370561649923	1.0249508008031843e-7	6.693380306568679e-7	0.00025425440448601736	-8.001938638323288e-5	-1.7675627082174364e-7	8.576953786521707e-9	-1.1382430357238446e-6	-1.3385426801681977e-7	2.8066974111810514e-7	-1.4710251300051325e-8	0.0003084148288965234	-2.8048835549717224e-5	2.0955279078434426e-6	6.38451435668215e-7	-6.722976825147484e-6
-2.1651114423832524e-6	-4.8947558256139806e-8	-1.7553535043048074e-8	-2.2166812547411846e-8	2.3733198705102893e-5	-8.177984785889825e-9	-2.6086318758323374e-8	-7.1365868092206075e-6	2.246539290077891e-6	5.800036870055869e-9	-7.187840999484107e-10	4.79118409304341e-8	4.348852010276072e-9	-1.4362496461237106e-8	4.771913567416797e-10	-8.655632678885618e-6	8.082429596954765e-7	-6.780675054600394e-8	-2.5294996413866705e-8	1.9515459082942999e-7
-8.055617443328972e-7	-2.11577743680115e-8	-6.186647247448385e-9	-7.342802710481877e-9	8.830836917038745e-6	-3.1187925675184303e-9	-9.13009958608546e-9	-2.655474946118303e-6	8.361144565511604e-7	2.0195829453228953e-9	-2.607126884171529e-10	1.6859874709881928e-8	1.4627426700442037e-9	-5.3167570224915695e-9	1.6069122464948404e-10	-3.2207927625391673e-6	3.0072520662907665e-7	-2.477030446599096e-8	-8.990156115211423e-9	7.244768308357907e-8
1.973830893332775e-5	4.501954748367676e-7	1.1967803080015563e-7	1.7749937765562315e-7	-0.00021713296671634118	3.0772055281940575e-8	1.7754899811830982e-7	6.528287453758021e-5	-2.0547443686233686e-5	-4.623581413955649e-8	2.5216942652929453e-9	-3.051219343752805e-7	-3.485590173131839e-8	7.76468244991467e-8	-3.830056054428266e-9	7.91833809490306e-5	-7.373459688001828e-6	5.497606728179991e-7	1.7022479047905728e-7	-1.7732901137108847e-6

=== Matriz P (Farkas para E - diferença Pp - Pm) ===
-0.00013448381391167365	0.00013448381391167365
8.176270259166799e-5	-8.176270259166799e-5
-2.335391191470894e-5	2.335391191470894e-5
-7.68960738250354e-5	7.68960738250354e-5
2.2616368321646504e-7	-2.2616368321646504e-7
3.1930951631961926e-5	-3.1930951631961926e-5
-4.670717904125751e-5	4.670717904125751e-5
-0.08748951537135513	0.08748951537135513
1.4429920534525477e-7	-1.4429920534525477e-7
1.710851526732452e-5	-1.710851526732452e-5
4.3228819392778645e-7	-4.3228819392778645e-7
3.606122858727367e-5	-3.606122858727367e-5
1.5460943748843957e-5	-1.5460943748843957e-5
1.6921023117719147e-5	-1.6921023117719147e-5
1.7005301921110133e-6	-1.7005301921110133e-6
-3.1192790625145424e-6	3.1192790625145424e-6
0.0003718246153567419	-0.0003718246153567419
-0.000174370631724677	0.000174370631724677
-2.854950467775369e-5	2.854950467775369e-5
1.0106049091334474e-5	-1.0106049091334474e-5

=== Matriz T (Inclusão em S - diferença Tp - Tm) ===
5.201160727463255e-9	3.1489337234552797e-10	3.5134173790510724e-11	-7.486504423492486e-11	-0.4829009669715663	1.2739208347121678e-10	2.2864467861423705e-11	4.4532148937017396e-5	0.2976877324246681	1.4287127859244368e-11	5.179119156015612e-12	-1.7624908758732712e-10	1.619410640567569e-11	1.208372417288061e-10	1.784551095278711e-12	-0.2193655638585578	-1.2520657563906623e-9	-9.492453768438923e-11	6.271627225806876e-11	-5.147147848974191e-10
1.3238808703414518e-5	5.521265961936065e-6	-5.343079169291253e-6	-4.287207251155207e-6	0.10436003319152644	-2.7986064889372974e-6	-7.957852812341414e-6	1.2518529520855897e-5	0.48453889074970946	1.2454455116506988e-6	-5.12040445807515e-7	1.7132070493289965e-5	1.0929816698985163e-6	-4.274445726848548e-6	2.8101145747858112e-9	0.40586110830332695	-8.41776366533024e-6	-8.251656747938706e-6	-7.82983883759692e-6	-8.28958365096348e-6
-5.201153574850557e-9	-3.1489293464773757e-10	-3.513412398734909e-11	7.486493803815586e-11	0.4829009669715468	-1.2739190316261185e-10	-2.286443528063226e-11	-4.4532161980970906e-5	-0.2976877324194894	-1.4287107448059828e-11	-5.179111715612029e-12	1.7624883653130112e-10	-1.6194083428404836e-11	-1.2083707085338874e-10	-1.7845485267902649e-12	0.21936556386130698	1.2520640271374574e-9	9.492439893098246e-11	-6.271618335390089e-11	5.147140647052073e-10
-1.324173458640204e-5	-5.508339581079282e-6	5.341514174177307e-6	4.284900310387092e-6	-0.10436000210034738	2.7982050376737793e-6	7.951443670780825e-6	-1.2521997069824891e-5	-0.48453888547054846	-1.2449101828128133e-6	5.112854691524356e-7	-1.7125532219079185e-5	-1.0924470308378016e-6	4.273181317656576e-6	-2.7761224102000473e-9	-0.40586112314688094	7.2949430093358e-6	8.247609688710573e-6	7.827170389436977e-6	8.288510691398159e-6
-8.843002336123764e-10	-1.8413934241527278e-11	6.228757201598301e-12	3.765992704826425e-13	5.9689847133617104e-5	9.760940512906393e-12	8.94758360804192e-12	9.240480586059153e-5	0.99984797422806	-2.665015752525262e-13	8.18588609965093e-13	-2.2574353844136812e-11	-1.2667936093863768e-13	1.0690685889648199e-11	-1.1593927670820995e-14	-9.78773408369472e-10	2.5997946512498116e-10	1.6527593017706208e-12	9.568359012590712e-12	6.816607363987454e-11
8.842954799192259e-10	1.8413646013292058e-11	-6.229676185467472e-12	-3.771526770259929e-13	-5.968983733634108e-5	-9.761835983807656e-12	-8.948912338603331e-12	-9.240481141416908e-5	-0.9998479742714406	2.6668395374955447e-13	-8.186703346645303e-13	2.2577234574407433e-11	1.268080896565003e-13	-1.069182130148694e-11	1.1604299878359748e-14	9.784028852893132e-10	-2.599740727911026e-10	-1.6545926835133538e-12	-9.569733391374788e-12	-6.816541120236224e-11
-0.00180020540191138	-7.533024748850557e-5	-1.1041443466058842e-5	-9.7434676208253e-6	0.0307563464216091	-8.303974732261354e-6	-1.5300305171234846e-5	-0.4286121668318864	-0.005014013982814636	3.510053687082529e-6	-6.062762613837785e-7	3.1799275048653014e-5	2.04535315764115e-6	-1.198225480405525e-5	2.234673391679487e-7	0.12202868629489527	0.0006313731672593272	-4.850827249221375e-5	-1.6608105045711266e-5	0.000166439608023497
0.0018002054019113783	7.533024748851078e-5	1.1041443466065781e-5	9.743467620842647e-6	-0.030756346421609092	8.303974732263089e-6	1.5300305171238315e-5	0.4286121668318865	0.005014013982814638	-3.510053687087733e-6	6.062762613855133e-7	-3.179927504866342e-5	-2.045353157646354e-6	1.1982254804056985e-5	-2.2346733916621397e-7	-0.12202868629489524	-0.000631373167259329	4.8508272492220686e-5	1.660810504570953e-5	-0.0001664396080234918

=== Matriz Z (diferença Zp - Zm) ===
0.1048538178370744	0.06981650223657623	-0.1048538178370744	-0.06981650223657623	-0.06430075439684904	0.06430075439684904	-0.0017931175272792033	0.0017931175272792033
0.0026175308359088767	-0.0003932706567803257	-0.0026175308359088767	0.0003932706567803257	0.00031753857842392597	-0.00031753857842392597	0.0010901693644513877	-0.0010901693644513877
0.0002607536601187399	0.0003203609032545185	-0.0002607536601187399	-0.0003203609032545185	-0.00015153303262088746	0.00015153303262088746	-0.00031138548545553424	0.00031138548545553424
0.000207023704910686	0.001631709962986505	-0.000207023704910686	-0.001631709962986505	-0.0013443070273902458	0.0013443070273902458	-0.0010252809886843184	0.0010252809886843184
-1.1722312350805317	-0.6335938771703314	1.1722312350805317	0.6335938771703314	0.6557881443951186	-0.6557881443951186	3.779443324689247e-6	-3.779443324689247e-6
0.00025809121554126735	-0.0009610939591649381	-0.00025809121554126735	0.0009610939591649381	0.0009767862364226942	-0.0009767862364226942	0.00042574603555617374	-0.00042574603555617374
0.0002558520631652794	0.0006592478037856786	-0.0002558520631652794	-0.0006592478037856786	-0.0004164986297877371	0.0004164986297877371	-0.0006227623803447824	0.0006227623803447824
0.0011738448173104314	0.3513048143472413	-0.0011738448173104314	-0.3513048143472413	-0.17638232747980073	0.17638232747980073	-1.1665675765675654	1.1665675765675654
6.987493481672158e-5	5.219165974873485e-6	-6.987493481672158e-5	-5.219165974873485e-6	0.499873529680013	-0.499873529680013	0.0001097614190073426	-0.0001097614190073426
-5.7386065831666055e-5	-0.00035993449269716704	5.7386065831666055e-5	0.00035993449269716704	0.00029478676460872877	-0.00029478676460872877	0.00022811353780222143	-0.00022811353780222143
-6.391040548142657e-6	-5.01469372328478e-5	6.391040548142657e-6	5.01469372328478e-5	4.912195614809045e-5	-4.912195614809045e-5	5.7638433456630445e-6	-5.7638433456630445e-6
-0.0007919377317586462	-8.289986677215144e-5	0.0007919377317586462	8.289986677215144e-5	-0.00034327172932827055	0.00034327172932827055	0.0004808163523381537	-0.0004808163523381537
-2.689176184555997e-5	-0.00032021485820227236	2.689176184555997e-5	0.00032021485820227236	0.00026632113531141477	-0.00026632113531141477	0.000206145917558187	-0.000206145917558187
0.00032043337372911207	-0.0006749201230696888	-0.00032043337372911207	0.0006749201230696888	0.0007519019662042548	-0.0007519019662042548	0.00022561365521830967	-0.00022561365521830967
-2.9702143938548087e-6	-3.523289469647972e-5	2.9702143938548087e-6	3.523289469647972e-5	2.936466075681432e-5	-2.936466075681432e-5	2.2673736100486952e-5	-2.2673736100486952e-5
0.3013225943429416	1.3948205342752902	-0.3013225943429416	-1.3948205342752902	-0.7653775197629025	0.7653775197629025	-9.609548780395953e-5	9.609548780395953e-5
-0.0366893510362821	-0.03728699182385262	0.0366893510362821	0.03728699182385262	0.029006623746043125	-0.029006623746043125	0.004957661498428717	-0.004957661498428717
0.0009676225091329593	0.0036829207674550224	-0.0009676225091329593	-0.0036829207674550224	-0.0030068222965974056	0.0030068222965974056	-0.00232494176873535	0.00232494176873535
0.00038874671858304954	0.00033076429492512327	-0.00038874671858304954	-0.00033076429492512327	-0.00010139590832083933	0.00010139590832083933	-0.0003806600517186065	0.0003806600517186065
-0.009499806164820102	-0.00677245860985215	0.009499806164820102	0.00677245860985215	0.00543348976771893	-0.00543348976771893	0.00013474732633783626	-0.00013474732633783626

=== Valores de H em valor absoluto (Hp + Hm) ===
0.011306290320793413	0.011224391948801656	0.011224257352255108	0.01122425494249442	0.0764820996857504	0.01122425591951727	0.011224261061908495	0.01143169113353909	0.01134442111436406	0.011224253411319041	0.01122425312905929	0.011224291141393714	0.011224253225336732	0.011224258622960368	0.011224253122847107	0.014686149844758686	0.01123612275065446	0.011224310233634245	0.01122426285985743	0.011224953109349007
0.012104047095195039	0.01210058463662587	0.01210059536107661	0.01210059612992696	0.01256206586619696	0.012100593243561454	0.01210059677696142	0.012117739597884772	0.012235940230490551	0.012100594333107412	0.012100594268054182	0.012100605616099967	0.012100594331038824	0.012100593381303981	0.012100594279386007	0.012173594259902165	0.01210085363523681	0.01210057841469847	0.012100596105805907	0.012100634835841706
0.012108940380193101	0.012108834967278034	0.012108833498159634	0.012108833498491699	0.012121766264869209	0.012108833504510079	0.012108833496737647	0.012111657059290844	0.012111749902483435	0.012108833496593323	0.01210883349665779	0.012108833526488488	0.012108833496538195	0.012108833506341867	0.01210883349653782	0.012109936591272673	0.012108848623250876	0.012108833703983243	0.012108833502652745	0.012108834206887072
0.012107997298218497	0.012107987531287927	0.012107987203635984	0.012107987173064532	0.012107078364326727	0.012107987192142096	0.012107987202854564	0.012134020274876714	0.012145125331150027	0.012107987202820768	0.012107987201326326	0.01210798718380021	0.012107987201432979	0.012107987199597159	0.012107987201542735	0.012149216373810397	0.012108003991743412	0.012107986654096157	0.012107987209237071	0.012107987118063884
3.2222885503555785e-9	3.1841997662346526e-9	3.1840047054742007e-9	3.1840312607359612e-9	0.8257915140612476	3.184036001815e-9	3.184006865171172e-9	5.865646376602442e-9	5.4737150602214585e-9	3.1840028206507723e-9	3.1840012085203418e-9	3.184033256296648e-9	3.1840028203949278e-9	3.1840287030402914e-9	3.184000939684483e-9	0.031196742682024988	3.1850648081854444e-9	3.1840962256293143e-9	3.184007783969442e-9	3.1843324268261892e-9
0.012108490449228236	0.012108379438746032	0.012108379121329789	0.012108379140613506	0.012126875591765306	0.012108379147729352	0.012108379119183369	0.012111555765830308	0.012139104004487616	0.012108379121405893	0.012108379119170464	0.012108379159766845	0.012108379120237173	0.012108379129990455	0.012108379118423267	0.012124322612094531	0.012108381098208013	0.0121083790581696	0.01210837911833429	0.012108380188945046
0.012108659582784207	0.012108475678531305	0.012108472769640014	0.012108472762706522	0.012130318233230158	0.012108472773653388	0.01210847276777717	0.012118680475947297	0.012117876990893731	0.012108472765794931	0.01210847276586893	0.012108472816101338	0.012108472765398488	0.01210847278066755	0.012108472765640355	0.01211440601000897	0.012108503488347782	0.012108473185671122	0.012108472779208897	0.012108473891610568
-4.269222057055383e-8	-4.271861772358721e-8	-4.273622359664451e-8	-4.272883892052814e-8	0.004414845231730741	-4.272957154905828e-8	-4.2734335198751836e-8	0.7622932380808919	-4.525499027956913e-8	-4.2734785052698134e-8	-4.273614035477938e-8	-4.2731843452394356e-8	-4.2734807629820745e-8	-4.273072761847473e-8	-4.273619282492145e-8	0.05624629663528031	-4.271270909158672e-8	-4.2722297107970525e-8	-4.2735703206408715e-8	-4.271694956925646e-8
-2.6944787154057275e-7	-2.695288348111064e-7	-2.695293182917163e-7	-2.695289133595786e-7	-2.681878035970985e-7	-2.6952893837182964e-7	-2.695292226644598e-7	0.03382147981078542	0.9632706693172061	-2.695291941352877e-7	-2.6952929246512144e-7	-2.6952902996687443e-7	-2.6952920880587264e-7	-2.69529030141344e-7	-2.6952928992952434e-7	-2.6599137564889624e-7	-2.6952386324584113e-7	-2.6952821427278906e-7	-2.6952930756920226e-7	-2.6952856828111255e-7
0.012109038558836884	0.012109033462744685	0.012109033421251744	0.012109033422131904	0.01210951395955983	0.01210903342091351	0.012109033422020108	0.012110312666894985	0.012110818287901805	0.012109033420895757	0.012109033420736794	0.012109033423525851	0.012109033420823395	0.012109033420936516	0.012109033420736402	0.012110980911238096	0.012109034968349232	0.012109033453650303	0.01210903342185636	0.012109033448823523
0.012109096425752051	0.012109096216161762	0.012109096222224234	0.012109096222066455	0.012109139782223333	0.01210909622209124	0.012109096222196407	0.01210909138230502	0.012109144507040108	0.012109096222248657	0.012109096222244282	0.01210909622212126	0.012109096222243466	0.012109096222026695	0.012109096222243983	0.012109108425234563	0.012109096203884312	0.012109096219296175	0.012109096222170617	0.012109096223573663
0.012107652420911674	0.012106634529565004	0.012106618124518166	0.012106618289633657	0.012241756418996165	0.012106618328787306	0.012106618116471195	0.012115764729267994	0.012141490961260451	0.012106618105333918	0.012106618103784578	0.012106618434181149	0.012106618107706659	0.012106618336019703	0.012106618103189415	0.01211102790408607	0.012106739921926808	0.01210661904217408	0.012106618182702545	0.012106625520078889
0.012109048185242093	0.0121090467085414	0.01210904668691782	0.012109046686589311	0.012109155327763785	0.01210904668686956	0.012109046687136794	0.012110090285520141	0.012110682897210068	0.01210904668683201	0.012109046686740916	0.01210904668715898	0.01210904668677652	0.012109046686936784	0.012109046686743653	0.01211072221570941	0.012109047464812082	0.01210904669403237	0.012109046687215474	0.012109046692967286
0.012108634659526656	0.012108455575380124	0.012108454789194447	0.012108454796103372	0.012135494158894106	0.012108454809941714	0.01210845478465811	0.012108738651514555	0.012131876580741453	0.012108454787094883	0.012108454785693565	0.012108454855421134	0.012108454785885668	0.012108454795177075	0.012108454784715329	0.01211623778153348	0.012108464313772247	0.01210845484721131	0.012108454788580615	0.012108456335466138
0.012109096244479539	0.012109096226858903	0.012109096226607672	0.012109096226604051	0.012109097540852109	0.012109096226607174	0.012109096226610421	0.012109108890935073	0.012109115899228199	0.012109096226606633	0.012109096226605533	0.012109096226610699	0.012109096226605968	0.012109096226607937	0.012109096226605569	0.012109116719978226	0.012109096235930001	0.012109096226694274	0.012109096226611254	0.01210909622668104
-5.010469814511833e-8	-5.0163360458004644e-8	-5.0162050394870096e-8	-5.015753616070128e-8	-4.7804247957825226e-8	-5.0161188275400734e-8	-5.016043301762647e-8	0.0414733137872973	-5.010342082876259e-8	-5.0162516217128196e-8	-5.016387021540841e-8	-5.016119960111247e-8	-5.016270431662635e-8	-5.016243802255749e-8	-5.016384151312182e-8	0.9304913213114837	-5.011618621382932e-8	-5.0148576313312225e-8	-5.0161616366048854e-8	-5.014083527607314e-8
0.011854976652501126	0.011790718792374914	0.011790640787968324	0.011790641152030077	0.029344193794164176	0.011790636974112138	0.011790645551708277	0.012868437726579677	0.011791920874891816	0.011790636901539558	0.011790636433766509	0.011790671395285363	0.011790636663135444	0.011790639164242004	0.01179063643819878	0.018831526289658763	0.01180173322076611	0.011790711095628445	0.011790645843660658	0.011791179536866016
0.012104381803925887	0.012103339493203715	0.012103357614330222	0.012103357069546666	0.012202063486327555	0.01210335718379671	0.012103357958318468	0.01223559400208456	0.012233044263830335	0.012103357324710688	0.012103357288611366	0.012103359143192355	0.012103357298793974	0.01210335733904557	0.012103357287349785	0.012252855056096761	0.01210358403539252	0.012103348515275263	0.012103357934273402	0.012103364981700032
0.012108769426210857	0.012108520906390648	0.012108518052231607	0.012108518050819445	0.012139879191740338	0.012108518066480715	0.012108518049462016	0.012112829739716634	0.0121151242058815	0.012108518047686924	0.012108518047737618	0.012108518134761284	0.012108518047482383	0.012108518069734984	0.012108518047332484	0.012109291724183428	0.012108550478256139	0.012108518505815381	0.01210851806291946	0.01210851979639422
0.01209112872517874	0.012073612471366221	0.012073565506481402	0.012073564829703091	0.014753403187188898	0.012073565991493843	0.012073565923414756	0.012074213598285956	0.012194742224842608	0.012073564856499183	0.01207356483793895	0.012073572060097935	0.012073564838296441	0.012073566492968979	0.01207356483485398	0.012156825276238934	0.012075621991033871	0.012073572182091164	0.012073566537875398	0.012073715921489245

=== Valores de L em valor absoluto (Lp + Lm) ===
0.011224352669384041	0.01122425423990061	0.011224253139003515	0.011224253423321916	0.011224253677535986	0.011224253160709538	0.011224253348834746	0.011243198983201606	0.011224270697788669	0.01122425313805505	0.011224253122213462	0.011224253178536068	0.011224253135655126	0.011224253105537964	0.011224253121766548	0.012262820516692897	0.01122441794244075	0.011224254440234574	0.01122425315143251	0.011224254683309797
0.01210059440895453	0.012100594280557434	0.012100594278903531	0.012100594278496867	0.012100594384007459	0.012100594278321636	0.012100594279028768	0.012100631668997476	0.012100621466834664	0.012100594278833622	0.01210059427882967	0.01210059427975867	0.012100594278828833	0.012100594278302764	0.012100594278833712	0.012101986210096175	0.012100594528452998	0.012100594274372807	0.012100594278930173	0.012100594280120483
0.012108833501866211	0.012108833496724564	0.012108833496548085	0.012108833496575367	0.012108833503635397	0.012108833496553523	0.01210883349655799	0.012108834125875045	0.012108834047218917	0.012108833496537205	0.012108833496535347	0.012108833496576122	0.01210883349653628	0.012108833496546657	0.012108833496534145	0.012108873566644883	0.012108833504059953	0.012108833496751245	0.012108833496549995	0.012108833496637151
0.012107987203221395	0.012107987201953411	0.012107987201532208	0.012107987201564101	0.012107987266904744	0.012107987201508862	0.012107987201550237	0.012107986928411385	0.012107995853791211	0.01210798720151326	0.012107987201500438	0.012107987201569517	0.01210798720151494	0.012107987201491397	0.012107987201500631	0.012107983946127282	0.01210798720148504	0.012107987201141795	0.012107987201533268	0.012107987201611384
3.1890066316518983e-9	3.1841175389384747e-9	3.1840034596578614e-9	3.1840372209744987e-9	4.733626633639306e-9	3.1840277477793827e-9	3.1840077777451173e-9	0.0011297738121552221	4.484111022045972e-9	3.184002994809721e-9	3.184000941104211e-9	3.1840156410514276e-9	3.1840028141046494e-9	3.184019558498759e-9	3.1840009102925795e-9	0.036303179928988495	3.1841459596784524e-9	3.1841457363473243e-9	3.1840048213052093e-9	3.184046889012952e-9
0.012108379123391752	0.012108379118699098	0.012108379118417355	0.012108379118434202	0.012108379127033891	0.012108379118492075	0.01210837911844859	0.012108380632943637	0.01210838469844686	0.012108379118404131	0.012108379118401373	0.012108379118541599	0.012108379118403855	0.012108379118490765	0.012108379118401461	0.012108437321569899	0.012108379128653972	0.012108379118968352	0.012108379118455926	0.012108379118443067
0.012108472775551108	0.012108472766221227	0.01210847276564882	0.012108472765718966	0.01210847279156476	0.012108472765669197	0.012108472765667441	0.012108473678374945	0.012108474883661829	0.012108472765647482	0.01210847276564441	0.012108472765728713	0.012108472765647384	0.012108472765658376	0.012108472765644486	0.012108541089996	0.012108472778653035	0.012108472766037217	0.012108472765657819	0.012108472765838173
-4.2692191935906755e-8	-4.271874069108649e-8	-4.273623387989595e-8	-4.272901414028497e-8	0.0010498696286981497	-4.272971433495028e-8	-4.273438261480608e-8	3.9900310359746784e-8	-4.5274640810028815e-8	-4.273482311398984e-8	-4.273614650238545e-8	-4.273191917521755e-8	-4.273484324383711e-8	-4.273084209068091e-8	-4.2736196749603276e-8	-2.9237223728863626e-8	-4.2712022075643165e-8	-4.27226582326422e-8	-4.2735703659917904e-8	-4.271686578005964e-8
-2.694929448097452e-7	-2.6952897464037654e-7	-2.6952931605114677e-7	-2.6952896941844605e-7	-2.1816965395629952e-7	-2.695289480279417e-7	-2.6952923302823465e-7	0.0017831972313710044	-2.6615781187582825e-7	-2.6952919642364353e-7	-2.695292923251841e-7	-2.695290317995385e-7	-2.6952921305554303e-7	-2.6952903810697037e-7	-2.695292898697917e-7	-2.68935275276144e-7	-2.6952425375209603e-7	-2.6952819391978976e-7	-2.695293038910161e-7	-2.6952903907265564e-7
0.01210903342101459	0.012109033420742082	0.012109033420735264	0.012109033420736631	0.01210903342374605	0.012109033420735535	0.01210903342073542	0.012109033430645153	0.012109033839515036	0.012109033420735268	0.012109033420735216	0.01210903342073538	0.01210903342073527	0.012109033420735313	0.012109033420735217	0.012109034854406765	0.012109033421021419	0.012109033420740413	0.012109033420735202	0.01210903342074253
0.012109096222260397	0.012109096222237724	0.012109096222244051	0.012109096222244108	0.012109096222246565	0.012109096222244178	0.01210909622224408	0.012109096226409637	0.012109096229840011	0.012109096222244002	0.012109096222243997	0.012109096222244086	0.012109096222243994	0.012109096222244136	0.01210909622224399	0.012109096389281312	0.012109096222273845	0.012109096222244896	0.012109096222244067	0.012109096222244242
0.012106618154458692	0.01210661810472459	0.012106618103133997	0.01210661810351445	0.01210661812648296	0.012106618103197072	0.012106618103192638	0.012106625475139061	0.01210662289380849	0.012106618103156089	0.012106618103134289	0.012106618103185453	0.01210661810315368	0.012106618103105956	0.012106618103134853	0.012107036777006815	0.012106618180712554	0.012106618104576847	0.012106618103114804	0.012106618103960489
0.012109046686840694	0.01210904668675424	0.012109046686743204	0.012109046686744025	0.012109046689273838	0.012109046686743088	0.012109046686743398	0.012109046683391331	0.012109047061828932	0.012109046686743096	0.01210904668674307	0.012109046686743612	0.012109046686743095	0.012109046686742956	0.012109046686743053	0.012109046966763418	0.012109046686806131	0.012109046686740288	0.012109046686743192	0.012109046686746977
0.012108454793130195	0.01210845478516974	0.01210845478474409	0.012108454784749074	0.01210845478680182	0.01210845478483543	0.012108454784781474	0.012108456766435688	0.012108458748779648	0.012108454784705028	0.012108454784701569	0.012108454784889151	0.012108454784704693	0.012108454784833123	0.012108454784701652	0.012108540321123247	0.01210845480008271	0.01210845478548437	0.012108454784789748	0.012108454784814884
0.012109096226606716	0.01210909622660571	0.012109096226605564	0.012109096226605567	0.012109096226636216	0.012109096226605567	0.012109096226605574	0.012109096226566286	0.012109096231125504	0.012109096226605564	0.012109096226605559	0.012109096226605578	0.01210909622660557	0.012109096226605562	0.012109096226605559	0.012109096229969162	0.01210909622660631	0.012109096226605534	0.012109096226605573	0.012109096226605604
-5.0114022610585435e-8	-5.016176181787997e-8	-5.0163205496939076e-8	-5.016191681406175e-8	-5.003107703784396e-8	-5.0163318050845336e-8	-5.0162695999608154e-8	-5.0461372968473746e-8	-5.0095267690039045e-8	-5.016349775859639e-8	-5.0163949047437854e-8	-5.016254449746714e-8	-5.016357753330572e-8	-5.0163744856948946e-8	-5.0163937645672055e-8	-5.043528868997469e-8	-5.0126103808683886e-8	-5.015861491826342e-8	-5.01629705878082e-8	-5.0150833599287774e-8
0.011790649286084186	0.011790636531136808	0.01179063643743489	0.011790636467591029	0.011790637754475673	0.011790636438968605	0.011790636453985818	0.011792520314544478	0.011790666513651491	0.011790636437330337	0.011790636435524535	0.01179063643963161	0.011790636436973255	0.01179063643296904	0.01179063643547733	0.011903652288884705	0.011790656631012583	0.011790636595360792	0.011790636438223109	0.011790636637937214
0.012103357339072373	0.01210335728363904	0.012103357287150899	0.01210335728669957	0.0121033575963984	0.012103357286331766	0.012103357287061417	0.012103360883178102	0.01210338953154555	0.012103357287209852	0.012103357287198337	0.012103357287852603	0.012103357287203726	0.01210335728623396	0.012103357287202424	0.012103651216195749	0.012103357346877407	0.012103357281799421	0.012103357286903389	0.012103357288412811
0.012108518059746982	0.012108518047703926	0.012108518047351406	0.012108518047417728	0.012108518058203841	0.012108518047388836	0.012108518047367373	0.012108519704890923	0.01210851915140628	0.012108518047336632	0.012108518047333077	0.012108518047380116	0.012108518047335072	0.012108518047374624	0.012108518047331495	0.012108615636181371	0.012108518065543005	0.012108518047877572	0.012108518047358232	0.01210851804754955
0.012073565761836418	0.012073564843551434	0.012073564835007001	0.01207356483789701	0.012073564841838413	0.012073564835175563	0.012073564836248402	0.012073722285418503	0.012073583742160087	0.012073564834982013	0.012073564834818858	0.012073564835166027	0.012073564834950935	0.012073564834639602	0.012073564834814412	0.012082216399126124	0.012073566384263986	0.012073564849662405	0.012073564835060738	0.012073564848123202

=== Valores de M em valor absoluto (Mp + Mm) ===
0.005613256970360385	0.005613222038221502	0.005613221699719248	0.005613221736438859	0.005617564120087765	0.005613221780598587	0.005613221791726401	0.005616308930521823	0.005621972501689217	0.005613221706002797	0.005613221702334791	0.005613221781505577	0.005613221705830541	0.005613221744155175	0.00561322169961179	0.005613225591255589	0.0056132258499767985	0.005613222037447751	0.005613221704454639	0.005613222116614825
0.006050387122543661	0.006050387092871277	0.006050387092787914	0.006050387092795623	0.00605039086872394	0.006050387092813528	0.006050387092817035	0.0060503891753855435	0.006050392397253504	0.006050387092787072	0.006050387092786034	0.006050387092838672	0.006050387092786355	0.006050387092802307	0.006050387092784685	0.006050387118689512	0.006050387096033617	0.006050387092883138	0.006050387092791059	0.006050387093124582
0.00605443651760817	0.006054436516734737	0.00605443651672874	0.006054436516729636	0.006054436624453084	0.006054436516730892	0.006054436516728864	0.006054436539268283	0.0060544366927542895	0.006054436516728755	0.006054436516728632	0.006054436516731871	0.006054436516728745	0.0060544365167302105	0.006054436516728637	0.0060544365172323245	0.006054436516829392	0.0060544365167359265	0.006054436516728904	0.006054436516739168
0.006053840408134092	0.006053840407772475	0.006053840407766373	0.00605384040776662	0.006053840450365892	0.00605384040776676	0.006053840407766412	0.0060538404113684606	0.006053840541931233	0.006053840407766397	0.006053840407766372	0.006053840407766903	0.0060538404077663905	0.006053840407766674	0.00605384040776637	0.006053840425427462	0.006053840407815401	0.00605384040776797	0.006053840407766594	0.006053840407771082
-3.3471106776593462e-9	-3.3755190654741823e-9	-3.3755481328644596e-9	-3.3755378802115996e-9	0.0013879748795685048	-3.3755460089420317e-9	-3.3755396709235034e-9	0.0018433967110578814	0.002175618677650853	-3.375551228613826e-9	-3.375555988121624e-9	-3.375528736228225e-9	-3.3755520974691175e-9	-3.375550218617749e-9	-3.3755559215146474e-9	-3.032163783347598e-9	-3.3712551414459854e-9	-3.3754999114980497e-9	-3.3755438950744336e-9	-3.37524677087051e-9
0.006054076116260944	0.0060540761153131395	0.006054076115307975	0.0060540761153090854	0.0060540762385175115	0.006054076115310949	0.006054076115308109	0.006054076176399397	0.006054076243260464	0.006054076115307953	0.0060540761153078	0.0060540761153121785	0.006054076115307946	0.006054076115309942	0.006054076115307807	0.006054076124406999	0.006054076115406437	0.0060540761153170565	0.006054076115308208	0.006054076115318654
0.0060542776685569635	0.006054277667046479	0.006054277667036249	0.006054277667037533	0.0060542778528203806	0.006054277667039578	0.006054277667035965	0.0060542776893453085	0.006054277973216962	0.006054277667036097	0.006054277667035911	0.00605427766704175	0.0060542776670360725	0.006054277667038581	0.006054277667035911	0.006054277669178464	0.006054277667210686	0.006054277667047487	0.006054277667036359	0.006054277667054393
-8.636927360858619e-8	-8.644285403405411e-8	-8.645399868619376e-8	-8.645256440351455e-8	1.2557587270889828e-5	-8.645569847835522e-8	-8.645334630266373e-8	-8.736542722094092e-8	-8.644249983849358e-8	-8.645503985661733e-8	-8.645583638942708e-8	-8.645136842244725e-8	-8.645526674739744e-8	-8.645491748324656e-8	-8.645582878560036e-8	-9.127692767096447e-8	-8.638113903530779e-8	-8.64452125747674e-8	-8.645322713286417e-8	-8.641286964384215e-8
-4.868544499596111e-7	-5.413144836935253e-7	-5.413164928351291e-7	-5.413163446994796e-7	-5.044641445827831e-7	-5.41316541460791e-7	-5.413163209484132e-7	-5.412881619035538e-7	-5.413166374519424e-7	-5.413165755915465e-7	-5.413166275771929e-7	-5.413160767078395e-7	-5.413165820500724e-7	-5.413164530671188e-7	-5.41316643124741e-7	8.847222094580809e-5	-5.407155445990548e-7	-5.413159605880303e-7	-5.413163844095675e-7	-5.412916666783818e-7
0.006054513067064263	0.006054513067015649	0.006054513067014834	0.006054513067014855	0.006054513072929124	0.006054513067014886	0.006054513067015031	0.00605451306743478	0.0060545130798101915	0.00605451306701483	0.006054513067015025	0.006054513067014928	0.0060545130670150256	0.006054513067014878	0.006054513067014832	0.006054513067795401	0.006054513067020828	0.006054513067015033	0.006054513067014844	0.006054513067015436
0.0060545475068246625	0.006054547506821974	0.006054547506822162	0.006054547506821972	0.006054547507167337	0.006054547506821979	0.006054547506821969	0.006054547506838632	0.00605454750715681	0.00605454750682197	0.0060545475068219685	0.006054547506821982	0.006054547506821967	0.006054547506821977	0.0060545475068219685	0.006054547506845422	0.006054547506822245	0.006054547506821991	0.006054547506821967	0.006054547506821998
0.006053535142443502	0.0060535351342457435	0.006053535134186192	0.006053535134195482	0.006053536145527554	0.006053535134208936	0.006053535134185493	0.006053535410962256	0.006053536645657043	0.0060535351341865235	0.0060535351341852554	0.006053535134218496	0.006053535134186196	0.0060535351342015	0.00605353513418508	0.006053535138128112	0.0060535351351601145	0.006053535134260407	0.006053535134188458	0.0060535351342820955
0.006054519068416352	0.006054519068399078	0.00605451906839891	0.006054519068399107	0.006054519070472237	0.006054519068398925	0.006054519068398916	0.006054519068636629	0.006054519073614938	0.006054519068398909	0.006054519068398911	0.006054519068398934	0.006054519068399105	0.006054519068399115	0.006054519068398911	0.006054519069068383	0.006054519068401102	0.006054519068398957	0.006054519068398912	0.006054519068399121
0.006054155804495334	0.0060541558030136125	0.006054155803006792	0.006054155803008407	0.006054155992083616	0.006054155803010893	0.006054155803006858	0.006054155873454797	0.006054156028615244	0.006054155803006785	0.006054155803006568	0.0060541558030127	0.006054155803006774	0.0060541558030095385	0.006054155803006577	0.006054155808750891	0.006054155803165425	0.0060541558030195244	0.0060541558030071056	0.006054155803023835
0.006054548061365166	0.00605454806136495	0.006054548061364954	0.0060545480613649555	0.00605454806139002	0.006054548061364952	0.006054548061364953	0.006054548061368061	0.006054548061427512	0.006054548061364958	0.006054548061364955	0.006054548061364955	0.006054548061364956	0.0060545480613649555	0.006054548061365149	0.006054548061373155	0.006054548061364981	0.006054548061364956	0.006054548061364956	0.00605454806136496
-1.0125596460202376e-7	-1.0122076781163198e-7	-1.0129194113559755e-7	-1.0127918016191178e-7	4.650389538701568e-5	-1.0126545328276247e-7	-1.0129833810531671e-7	-8.754472579565314e-8	-1.0118887673986525e-7	-1.012978626180145e-7	-1.0130073301240848e-7	-1.0125505848478144e-7	-1.0129668509991908e-7	-1.0126716890555155e-7	-1.013010726022593e-7	0.0005062120494734938	-1.0120985940459501e-7	-1.012863499294164e-7	-1.012838983939764e-7	-1.011944607807681e-7
0.005895616514002612	0.0058956128851872635	0.005895612855152643	0.005895612857442381	0.005896056641250355	0.005895612860597484	0.005895612860507568	0.005895914843112912	0.00589663207748403	0.005895612855415561	0.005895612855180631	0.005895612861795713	0.005895612855392309	0.005895612858278578	0.005895612854988474	0.0058956187779253336	0.005895613304342252	0.0058956128783872585	0.005895612855560629	0.005895612898854203
0.006051165805726817	0.006051165796460861	0.006051165796423234	0.006051165796427323	0.00605116692073882	0.006051165796433451	0.006051165796423427	0.006051165926503419	0.006051168027631695	0.006051165796423125	0.00605116579642248	0.00605116579644112	0.0060511657964230255	0.006051165796430707	0.006051165796422479	0.006051165867306209	0.0060511657975273825	0.006051165796461137	0.006051165796424554	0.006051165796534783
0.006054307862882694	0.006054307860868625	0.006054307860856008	0.006054307860858032	0.006054308110322893	0.006054307860860959	0.0060543078608558485	0.006054307915867231	0.006054308250685402	0.006054307860856034	0.006054307860855949	0.006054307860863221	0.006054307860856001	0.006054307860859365	0.006054307860855762	0.006054307861467469	0.0060543078610851234	0.006054307860872394	0.006054307860856376	0.006054307860879874
0.006036702907399376	0.006036702637466543	0.006036702635535419	0.006036702635630114	0.0060367360879692526	0.006036702635801554	0.006036702635827756	0.006036725113497151	0.006036770671648747	0.006036702635541635	0.006036702635534101	0.006036702635910447	0.0060367026355409754	0.006036702635694337	0.0060367026355223445	0.006036702722216963	0.006036702667856974	0.006036702636603464	0.006036702635561839	0.006036702638676195

=== Valores de N em valor absoluto (Np + Nm) ===
0.005620555020130747	0.005613225814038728	0.005613222132412902	0.005613222497495279	0.006681697569573403	0.005613222799789154	0.005613222466897137	0.005704305397638257	0.0056223190812912435	0.005613221786760663	0.005613221700689201	0.00561322637964268	0.005613221766834841	0.005613222620271675	0.00561322170035196	0.0057735739627428565	0.00561427854639278	0.0056132295808916126	0.005613222595590663	0.0056132818340180425
0.006050393629840835	0.006050387099950642	0.006050387093352658	0.006050387093971203	0.0060511807364806115	0.006050387094974985	0.006050387093773618	0.006050438246108249	0.006050392163619271	0.006050387092934458	0.006050387092786151	0.006050387100264919	0.0060503870929010896	0.006050387094533578	0.006050387092786663	0.006050487678376534	0.006050387992209548	0.006050387103732824	0.006050387093992502	0.006050387148823314
0.006054436772477374	0.006054436517507216	0.006054436516748921	0.006054436516778302	0.00605446709498891	0.006054436516907189	0.006054436516756353	0.006054438387517385	0.006054436700250644	0.006054436516739087	0.006054436516728783	0.00605443651715022	0.006054436516737123	0.006054436516857834	0.006054436516728729	0.006054440385909642	0.006054436551822518	0.006054436517411872	0.00605443651677508	0.006054436518988734
0.00605384063795186	0.006053840407989975	0.006053840407775608	0.006053840407778368	0.006053868211475021	0.0060538404077700725	0.006053840407785831	0.006053842210108831	0.00605384058302626	0.006053840407767659	0.006053840407766374	0.006053840407832165	0.006053840407767016	0.006053840407774204	0.0060538404077663775	0.006053843892235828	0.006053840439338135	0.006053840407951476	0.006053840407786515	0.00605384040962028
-3.3440035392874162e-9	-3.3755424757007006e-9	-3.375538521531642e-9	-3.375526231347764e-9	0.02688713005058279	-3.3755195739304842e-9	-3.375526880900386e-9	0.008019032103575713	0.002220468666230278	-3.375552498561218e-9	-3.375554285995729e-9	-3.3754972707286434e-9	-3.375553835477334e-9	-3.3755213070554936e-9	-3.3755562150342433e-9	0.009755597537897764	-3.3686802618392145e-9	-3.3753944767556404e-9	-3.3755289738759144e-9	-3.375305999572844e-9
0.006054076279438811	0.006054076116549108	0.006054076115332062	0.006054076115345518	0.006054094114753967	0.006054076115653958	0.006054076115329583	0.006054077231523026	0.00605407622633297	0.006054076115320902	0.006054076115307997	0.00605407611605486	0.006054076115321265	0.006054076115541057	0.006054076115307951	0.006054078524647584	0.006054076137812893	0.006054076116241007	0.00605407611536506	0.006054076117077681
0.0060542781381303715	0.006054277668298326	0.006054277667070812	0.006054277667113339	0.006054333842214422	0.006054277667310275	0.0060542776670871505	0.006054281036932318	0.006054277996694641	0.006054277667052112	0.006054277667036147	0.006054277667717267	0.006054277667048893	0.006054277667237913	0.006054277667036053	0.006054284743678742	0.0060542777315771	0.006054277668125286	0.0060542776671164335	0.006054277671148259
-8.64396596755122e-8	-8.645502455418059e-8	-8.645562570727662e-8	-8.645479805748468e-8	-8.639398606389868e-8	-8.645532859102403e-8	-8.645533385311298e-8	-8.637132621755044e-8	-8.645554210312957e-8	-8.645565320975628e-8	-8.645587987680864e-8	-8.645561976585951e-8	-8.645567744010945e-8	-8.64555336865294e-8	-8.645587389921303e-8	-8.636910038186748e-8	-8.644356590225887e-8	-8.64534175019599e-8	-8.645558543393325e-8	-8.64542964944814e-8
-5.399239202098222e-7	-5.413169780933902e-7	-5.413166048119104e-7	-5.413165341360554e-7	-4.839424913135829e-7	-5.413165283301013e-7	-5.413166235767372e-7	-4.865513350172533e-7	-5.413167283838117e-7	-5.413166439627757e-7	-5.413166474998565e-7	-5.413164673933596e-7	-5.413166387934787e-7	-5.413165285764545e-7	-5.413166486523586e-7	-4.872888667129902e-7	-5.412247206795918e-7	-5.413163373655658e-7	-5.413165751493009e-7	-5.413126234289544e-7
0.006054513087674464	0.006054513067031893	0.0060545130670159476	0.006054513067016565	0.006054515557556888	0.006054513067016511	0.006054513067017037	0.006054513222273232	0.006054513082121694	0.006054513067015009	0.006054513067014834	0.006054513067025397	0.006054513067015144	0.006054513067016602	0.006054513067014831	0.006054513379292692	0.006054513069845139	0.006054513067034688	0.006054513067017219	0.006054513067184327
0.006054547507364086	0.006054547506825408	0.006054547506822038	0.006054547506822044	0.006054547569869076	0.00605454750682291	0.006054547506822048	0.0060545475103215675	0.006054547507168436	0.006054547506822023	0.0060545475068219745	0.0060545475068241785	0.006054547506822018	0.0060545475068226485	0.00605454750682197	0.006054547514842865	0.006054547506896518	0.0060545475068243555	0.00605454750682216	0.006054547506827766
0.006053537273773876	0.006053535143249611	0.006053535134377741	0.006053535134727367	0.006053786667345537	0.0060535351363539365	0.006053535134417928	0.006053550569899008	0.006053536652957454	0.006053535134307844	0.00605353513418664	0.006053535138888599	0.006053535134286551	0.006053535135721202	0.006053535134186239	0.006053567303105207	0.006053535427466276	0.006053535141821422	0.0060535351346406915	0.006053535153798728
0.006054519077375553	0.00605451906840611	0.0060545190683993205	0.0060545190683994644	0.006054520152444606	0.006054519068399069	0.006054519068399774	0.006054519136413681	0.006054519074998828	0.006054519068398963	0.006054519068398903	0.006054519068401998	0.0060545190683989345	0.006054519068399262	0.006054519068398913	0.006054519203873843	0.006054519069628531	0.006054519068406117	0.006054519068399789	0.0060545190684716255
0.006054156107665576	0.006054155804575714	0.006054155803042667	0.0060541558030730875	0.00605419072039763	0.006054155803448709	0.006054155803045046	0.006054157917610726	0.006054156012164933	0.006054155803022919	0.00605415580300679	0.006054155803990498	0.006054155803023143	0.006054155803313803	0.006054155803006759	0.006054160335447229	0.0060541558447953425	0.006054155804228925	0.006054155803090074	0.006054155806010895
0.0060545480614725995	0.00605454806136504	0.006054548061364956	0.006054548061365154	0.006054548074364793	0.006054548061364955	0.006054548061364964	0.0060545480621800015	0.006054548061444417	0.006054548061364956	0.006054548061364951	0.006054548061364992	0.006054548061364954	0.00605454806136496	0.006054548061364955	0.0060545480629891815	0.0060545480613797	0.006054548061365041	0.006054548061364963	0.006054548061365829
-1.0118962185409209e-7	-1.0129610795852812e-7	-1.0129710104036409e-7	-1.0128737467624202e-7	0.007815651827966801	-1.0129571949741398e-7	-1.0129359699293649e-7	0.0023081412472231704	-1.01189935822865e-7	-1.0129833087630536e-7	-1.0130135967710445e-7	-1.012947032836312e-7	-1.0129880198800115e-7	-1.0129854431567023e-7	-1.0130131019847382e-7	0.002842657954980275	-1.0119174090705751e-7	-1.0126624730909835e-7	-1.0129597520508587e-7	-1.0124388878422473e-7
0.005896798817366072	0.005895613908296965	0.005895612921631177	0.005895613000250852	0.0060422048908859195	0.005895613049937328	0.00589561297781927	0.005906356536020615	0.005896675550014507	0.0058956128716418366	0.00589561285517168	0.005895613587100492	0.005895612867777623	0.005895613013800462	0.0058956128551442	0.0059149201044792045	0.005895777770159914	0.00589561434706317	0.005895612995003847	0.005895622685704817
0.006051169234109042	0.006051165799081536	0.006051165796637519	0.006051165796760103	0.006051583043614023	0.006051165796840755	0.006051165796833402	0.006051191825719601	0.0060511683349627225	0.006051165796461187	0.0060511657964237185	0.006051165798576975	0.006051165796448352	0.006051165796821496	0.006051165796422783	0.006051217964330217	0.00605116626777766	0.006051165799952653	0.006051165796875363	0.00605116582485007
0.006054308424752803	0.0060543078626995005	0.006054307860902319	0.006054307860974037	0.006054374987047703	0.006054307861289524	0.006054307860918576	0.006054311947654678	0.006054308262058704	0.006054307860880884	0.006054307860856092	0.006054307861864268	0.006054307860876265	0.006054307861168329	0.006054307860855991	0.006054316366696863	0.0060543079382005165	0.006054307862472337	0.006054307860963685	0.0060543078658831075
0.006036784975272732	0.006036702711840587	0.006036702640127168	0.006036702645271957	0.0060466255725091286	0.006036702648332934	0.006036702644154167	0.006037406412916295	0.0060367721951289244	0.006036702636646581	0.006036702635534326	0.006036702685387325	0.006036702636373691	0.006036702646168915	0.006036702635532796	0.006037982221572128	0.006036713986336715	0.00603670273697811	0.006036702645250009	0.006036703314972441

=== Valores de P em valor absoluto (Pp + Pm) ===
0.011225724074992557	0.011225724074992557
0.012100504037012877	0.012100504037012877
0.01210862346610109	0.01210862346610109
0.012108022507876001	0.012108022507876001
2.2511609503686578e-7	2.2511609503686578e-7
0.012108160895023716	0.012108160895023716
0.012108347881953389	0.012108347881953389
0.08748942891221273	0.08748942891221273
-2.6936457073978913e-7	-2.6936457073978913e-7
0.01210880283434343	0.01210880283434343
0.012108851779087534	0.012108851779087534
0.012106497992901734	0.012106497992901734
0.01210881345765465	0.01210881345765465
0.012108209287023589	0.012108209287023589
0.012108851978249489	0.012108851978249489
3.0106840869637023e-6	3.0106840869637023e-6
0.011801923828040559	0.011801923828040559
0.012104587165802719	0.012104587165802719
0.012108327764949238	0.012108327764949238
0.012073329869425477	0.012073329869425477

=== Valores de T em valor absoluto (Tp + Tm) ===
6.550702002039504e-8	6.509470885683454e-8	6.509320324583217e-8	6.509327309474462e-8	0.48290099960674465	6.50934353698881e-8	6.50931890013926e-8	4.456463314968821e-5	0.29768776484569553	6.50931881675863e-8	6.509318486381825e-8	6.509366241742884e-8	6.50931891714414e-8	6.509341015181836e-8	6.509318572726308e-8	0.2193655965261427	6.511727884249199e-8	6.509333403523457e-8	6.509324501030837e-8	6.509726406537741e-8
3.9293435969495034e-5	3.3038813289243816e-5	4.314682297194095e-5	3.949627843391171e-5	0.10492371157219797	4.017851959690055e-5	4.275347182386031e-5	4.173272293411592e-5	0.48740721020806654	4.2398147800032477e-5	4.315523118806087e-5	4.8383207050675854e-5	4.228211622091825e-5	4.098654120091406e-5	4.314909357142253e-5	0.4069543420985023	3.2185366909210375e-5	4.0883515975675734e-5	4.4113969788349265e-5	3.3510040223111947e-5
6.55069280701048e-8	6.509461746402835e-8	6.509311185517496e-8	6.509318170397981e-8	0.4829009996066785	6.509334397888621e-8	6.509309761075495e-8	4.456464614717725e-5	0.297687764840472	6.50930967769502e-8	6.509309347318826e-8	6.509357102610039e-8	6.509309778080412e-8	6.509331876085545e-8	6.509309433663229e-8	0.2193655965288451	6.511718741888622e-8	6.509324264436151e-8	6.50931536195905e-8	6.509717266911268e-8
3.928438552609669e-5	3.302306450109679e-5	4.3138735050137896e-5	3.9488570936587936e-5	0.10492356079026233	4.017108350199827e-5	4.274268799521083e-5	4.173074915020104e-5	0.4874065648115109	4.239028283428723e-5	4.314716447376698e-5	4.8372254752632716e-5	4.22742725022567e-5	4.097885830652518e-5	4.3141106895626295e-5	0.40695415689956216	3.330562690247815e-5	4.087492804686544e-5	4.4105447998272525e-5	3.350391373762645e-5
-2.1164642240656623e-9	-2.142020626932517e-9	-2.1424257668049214e-9	-2.142389702178194e-9	5.967928264800525e-5	-2.142329167554496e-9	-2.1424150207481942e-9	9.239437794082749e-5	0.9998479637259293	-2.1424495583451386e-9	-2.142462102973435e-9	-2.1422402383711855e-9	-2.1424546178788555e-9	-2.1423369721483293e-9	-2.1424701787233695e-9	-1.989322810734448e-9	-2.1401963434570156e-9	-2.142205584853029e-9	-2.142395532881957e-9	-2.1407803579525353e-9
-2.1164644732417256e-9	-2.1420208780638843e-9	-2.142425995737451e-9	-2.142389908372708e-9	5.9679272850292716e-5	-2.142329378699571e-9	-2.142415254171738e-9	9.23943834941022e-5	0.9998479637693096	-2.1424497807519817e-9	-2.1424623291698385e-9	-2.142240458776732e-9	-2.1424548405958867e-9	-2.1423371867155797e-9	-2.142470405153632e-9	-1.9893296451857696e-9	-2.140196741061469e-9	-2.1422057692265325e-9	-2.1423957607791873e-9	-2.140780584969804e-9
0.02084914252336536	0.02077754896813603	0.0207773365886899	0.0207773348171729	0.03877348235397915	0.02077733521691368	0.020777339126810495	0.4466708085450749	0.02206613880770044	0.02077733178466671	0.02077733316153898	0.020777364758867767	0.02077733315991301	0.020777336933692228	0.020777333076710765	0.14931752810963578	0.020782975988843023	0.020777397981029642	0.020777340443339128	0.020777912319231352
0.020849142523365366	0.020777548968136036	0.02077733658868991	0.0207773348171729	0.03877348235397913	0.02077733521691369	0.02077733912681049	0.4466708085450749	0.02206613880770044	0.020777331784666706	0.02077733316153898	0.02077736475886776	0.020777333159913022	0.02077733693369223	0.020777333076710765	0.14931752810963586	0.020782975988843013	0.020777397981029642	0.020777340443339138	0.020777912319231352

=== Valores de Z em valor absoluto (Zp + Zm) ===
0.4118194031158745	0.3974139524808349	0.4118194031158745	0.3974139524808349	0.39793312012384574	0.39793312012384574	0.3931383015661539	0.3931383015661539
0.3993446195028027	0.3993258281914719	0.3993446195028027	0.3993258281914719	0.3993123627506116	0.3993123627506116	0.399295251155168	0.399295251155168
0.3993275673729187	0.3993240693732545	0.3993275673729187	0.3993240693732545	0.3993191585082195	0.3993191585082195	0.39931683862819933	0.39931683862819933
0.3993238200192972	0.39932192598583577	0.3993238200192972	0.39932192598583577	0.39932132457175207	0.39932132457175207	0.39932031448290667	0.39932031448290667
1.1722313174273646	0.6335939604237196	1.1722313174273646	0.6335939604237196	0.6557882269133801	0.6557882269133801	3.875212868185088e-6	3.875212868185088e-6
0.39932828685369826	0.39932516251089223	0.39932828685369826	0.39932516251089223	0.3993180678765095	0.3993180678765095	0.3993155375905023	0.3993155375905023
0.3993339470012742	0.39932556215615655	0.3993339470012742	0.39932556215615655	0.3993162711281022	0.3993162711281022	0.3993115686724733	0.3993115686724733
0.04931444169036815	0.3736717854268025	0.04931444169036815	0.3736717854268025	0.18980650856799688	0.18980650856799688	1.1708267103324168	1.1708267103324168
0.3097006313560674	0.3097010959181167	0.3097006313560674	0.3097010959181167	0.6767061811687121	0.6767061811687121	0.3097011262884045	0.3097011262884045
0.39932219425969795	0.399322005663999	0.39932219425969795	0.399322005663999	0.3993218687763981	0.3993218687763981	0.39932177856636725	0.39932177856636725
0.3993220086126935	0.39932197727345475	0.3993220086126935	0.39932197727345475	0.3993219450316734	0.3993219450316734	0.39932193532119953	0.39932193532119953
0.3993941671633151	0.39934429609053257	0.3993941671633151	0.39934429609053257	0.399291320867063	0.399291320867063	0.3992596227402709	0.3992596227402709
0.39932205391471703	0.3993219782819766	0.39932205391471703	0.3993219782819766	0.3993219340430594	0.3993219340430594	0.39932189824117004	0.39932189824117004
0.39933241036015954	0.39932647916324515	0.39933241036015954	0.39932647916324515	0.3993161666995181	0.3993161666995181	0.39931185421337956	0.39931185421337956
0.399321970236609	0.39932196935395764	0.399321970236609	0.39932196935395764	0.3993219688214202	0.3993219688214202	0.39932196840573275	0.39932196840573275
0.3013227448074808	1.3948206841732065	0.3013227448074808	1.3948206841732065	0.7653776705909707	0.7653776705909707	9.624703826753933e-5	9.624703826753933e-5
0.4004280413548811	0.3997896984076452	0.4004280413548811	0.3997896984076452	0.39926091012875714	0.39926091012875714	0.39837279909176193	0.39837279909176193
0.3993570855410998	0.3993258117644562	0.3993570855410998	0.3993258117644562	0.39930639730892503	0.39930639730892503	0.39929010125350883	0.39929010125350883
0.3993354009953586	0.39932691018762556	0.3993354009953586	0.39932691018762556	0.39931537678436546	0.39931537678436546	0.3993097073071048	0.3993097073071048
0.39941990082721124	0.3993161612728589	0.39941990082721124	0.3993161612728589	0.39930263300211377	0.39930263300211377	0.39927494234414973	0.39927494234414973

