5 min, d = 1, lambda = 0.99
F
-0.9010021899518041	0.8435990840625429	0.10795712353059829	0.0052472802584687716
-0.08368216138036288	0.10568074504053268	-0.001172537648734099	0.004459925202716028
-0.500000768662587	5.326242912719973e-6	3.4159273919941818e-6	-1.9881541536687625e-7
0.5000010021348117	-5.863284509625083e-6	-3.5576310347068547e-6	1.2773427742122138e-7
0.0007896456891681548	-0.009567312570769052	0.004455719165640012	0.48014821333447627
-0.061113209913932674	0.6021072604374158	-0.20722932591525098	-1.3594238532397834e-5
0.061109855980380184	-0.6021288777810836	0.20724058075714968	1.38896143784152e-5
0.11840005247731984	-0.1537502886523646	-0.031099087171464538	-0.13257983170179852
-0.0257606725373205	0.024535643763598007	-0.0018530628487676702	0.0005005107366175767
-0.0869553782941004	0.7327368011974367	-0.027977439420420327	6.094752994356846e-6
-0.017160396225686367	0.01714288499840049	0.0018207590996985174	-0.011450373709889475
0.8768901848013644	-0.7625409675374986	-0.11963669812658474	-0.004044627327942092
-0.07263416902610975	0.06412238062846115	0.008886598985711553	-0.01712605378504887
-0.0007818583312060006	0.00952157630248689	-0.004438707574132258	-0.48017247955125786
0.14821952064840005	-0.20570972603934568	0.0009260821618317647	-0.0014714191944501845
0.08695998191704514	-0.7327460366850166	0.027971798368772092	-6.2157067541954005e-6
0.1282757846263178	-0.12133498914373185	-0.04834770732242185	-0.07247004417397974
0.132136134796613	-0.19239677029378435	0.005777416824253747	0.0029221790909270805
0.03251852415125943	-0.4859934733490607	0.019738327856710255	-0.03514007304713287

G
0.01194512482369818	-0.12128415836044909	0.044261516426729174	0.03601503394208502

K
-2.147595395454905e-5	-3.0855721000523704e-5	-0.00016867033483411234	-1.4520239843194744e-6
0.004266352143722699	-0.04269770988669602	0.015991690494918925	0.012812781871129181
-0.02271348595436451	0.22786831132050775	-0.08486874897709164	-0.06789019142919406
-0.0008452475474088865	0.0083163576371168	-0.0032266105830400177	-0.0025809826682792144

H
0.12928699873417268	8.140124873666647e-5	3.879022555549712e-5	0.014066475608672531	0.10123114510293267	3.655671669849438e-5	0.47759526851492534	4.687978964125055e-5	7.66081257915769e-5	0.034927850260938385	7.757418826886637e-5	3.854995875473129e-5	8.109826352578263e-5	3.8826650042086074e-5	7.085769348386304e-5	3.934399294003227e-5	4.759690483841277e-5	7.470580486958438e-5	4.422908265645355e-5
0.023116606626949684	0.012657824193291572	0.011419605493129308	0.0118822132165035	0.02055397553273696	0.011533015005160125	0.011543163522879705	0.010163599276248223	0.01213223303320134	0.0236477709010007	0.01220518573306293	0.009180228761732778	0.012476031688887482	0.008352931428908875	0.011331970367053634	0.010188704414439196	0.010591035509995001	0.011483847219405202	0.010540499057455171
-7.230637130306868e-7	-2.678014148723362e-7	0.12074626923742232	-7.477532251027635e-7	8.449146012239294e-8	0.10267176856830278	-7.477819668086156e-7	-9.868104674899217e-8	-2.388562880765976e-7	-7.477189610067477e-7	-2.6889914604009764e-7	3.2993722923351396e-6	-3.012975241156336e-7	-4.922741031731183e-7	-1.9136702681060408e-7	0.7665505704196865	1.4585077606993765e-8	-2.1563196946174807e-7	3.560214442409057e-7
3.1524061365647888e-6	-1.6673180996629594e-7	-6.154600314624438e-7	0.12074078940707125	-3.835264780337554e-7	-6.155027693253109e-7	0.10266326106264878	-3.0599092274595006e-7	-1.929155846522657e-7	0.7665643394842049	-1.6709585881915002e-7	-5.990369153012709e-7	-1.3436070946979512e-7	1.1062889868169093e-7	-2.3394929302815975e-7	-6.154179172543953e-7	-3.677926657490243e-7	-2.1461237183405557e-7	-4.846285750990353e-7
1.0730176248873544e-6	-6.205299878377081e-7	-1.3807410190452244e-6	1.2641355140419207e-6	0.5001062431368725	-1.4608164340667284e-6	2.0217549790368857e-5	-1.0061673935561243e-6	-6.742354441370905e-7	1.06774488698261e-6	-6.710913105863535e-7	-1.2608725609573893e-6	-6.298901913792471e-7	-1.4720594860248099e-6	-6.356273931887516e-7	-1.2144259907925827e-6	-9.831192614664592e-7	-6.030637597123842e-7	-1.076247748902685e-6
-4.2145138330938484e-6	-2.205793678196643e-6	4.6804367422736645e-7	-4.424070908198081e-6	-4.254050398725351e-6	0.8631971578639038	-4.254143002794027e-6	-5.770230962994639e-7	-2.074175500821508e-6	-4.460645081276521e-6	-2.0964728697178197e-6	1.0987464601844047e-6	-2.1871750982554885e-6	0.12694505633884742	-1.866812375671689e-6	6.168638774590538e-7	-6.614034967031007e-7	-1.9873933569485997e-6	-3.2445159802075876e-7
7.56209189106478e-7	-2.30319890121253e-6	-4.0613916190518375e-6	2.1245252179458817e-7	0.12697006953977033	-4.923551397335743e-6	0.8632033596866188	-4.053200977174378e-6	-2.4819491364152027e-6	2.8493329118837645e-7	-2.453731242638611e-6	-4.8818833199280685e-6	-2.3497061723690794e-6	-4.929770263217306e-6	-2.7078990272946102e-6	-4.1568214386253295e-6	-3.942857232295399e-6	-2.5720128803173517e-6	-4.311576390170063e-6
0.0023129694567372346	0.004778113223336517	0.060521249239970216	0.0021936762158190123	0.002518084994772293	0.12097751480634192	0.0014455962081484821	0.013920982120994348	0.005040183249513485	0.0026184302759157153	0.004877559662934464	0.05138121016507407	0.0046487284848914165	0.15763436494755256	0.0052179524276449755	0.057055569519247236	0.01345633066964875	0.004850549137701677	0.01731644683325274
0.015229617529686944	0.012949517033888377	0.01399158539147085	0.009324750425490998	0.016033331787985286	0.014052874688456656	0.009173482547130877	0.011739112459843626	0.01262747900634179	0.014075049079082667	0.012496884937097393	0.011399939045087513	0.012598096575261402	0.009639458422589536	0.011866577356744184	0.012585781618839562	0.012361413621271498	0.011865869176212723	0.012406417650352405
1.8778385371873092e-6	-1.942460823605041e-6	-4.1196379025773e-6	2.8691594787036787e-6	7.519123652372275e-6	-4.1467716311594564e-6	0.042756796239354994	-3.4048682278702203e-6	-2.0769769927619804e-6	0.8303470053080944	-2.052545895134733e-6	-4.116891901769705e-6	-1.964115038268501e-6	-4.129289672695418e-6	-2.2688403389158626e-6	-4.146695556288542e-6	-3.334092352879111e-6	-2.157898875316983e-6	-3.6724857565924767e-6
0.018685225357849108	0.012553333664083462	0.010124846690482229	0.01612313192617003	0.010749462535520874	0.009055793489477144	0.017738513711380095	0.011664258311332798	0.01231355143236534	0.016981319367991996	0.012534653528391348	0.009351154307904919	0.012803711896771411	0.014748545154030642	0.012028053463828648	0.010053076051945468	0.01107383026682062	0.012200087257563828	0.010778749435109938
3.8667937045080934e-5	7.427195774484103e-5	0.008500869978706324	3.858430420436513e-5	3.870551309554881e-5	0.5145419592025798	3.718164394801616e-5	0.00023347678572141587	7.884215435074353e-5	3.881698820306676e-5	7.787543611362469e-5	0.12582883635022943	7.465426014574077e-5	0.10607253766918592	8.64892134154715e-5	0.012517439242793296	0.00021483596861870635	8.13668999126101e-5	0.00036004264989286514
0.024175117174753135	0.011936343687555966	0.009337138431867942	0.015467424789520708	0.010177141323092111	0.005720637056882036	0.044536001627002504	0.010647551877374312	0.011745935985233762	0.014176908607721828	0.012108885032447173	0.00748845121417511	0.012529027242065102	0.014487633597544423	0.01184092230172364	0.010249209300897878	0.009659135017203235	0.01216736796880558	0.010946635124846088
-1.25142501434239e-6	-5.951891045195893e-7	4.361616362807801e-6	-1.2784419812160117e-6	-1.2541754974633763e-6	2.602577641326494e-6	-1.2506728662572524e-6	5.2081960468927495e-8	-5.485169240824191e-7	-1.3031121653313888e-6	-5.564358482061506e-7	1.6367434630681558e-6	-5.876509966020222e-7	0.5000916474409893	-4.7614378045057793e-7	2.4989663803962875e-6	5.698994117864835e-9	-5.178801613679434e-7	2.4417815026694843e-7
0.006927502422722768	0.01114439165957818	0.014885163764728994	0.008758671066764088	0.012877566601202862	0.014199398943757314	0.014449735716673429	0.013889800853691488	0.011687778785130144	0.007592011978618497	0.011752782627395476	0.025396584730801718	0.01134428892169528	0.011291598548330065	0.013659955535518603	0.020337718169820326	0.01419002208163127	0.01342621687642276	0.017987402512616945
-4.148551836455296e-6	-2.140320422499052e-6	5.08148378437397e-6	-4.154881446097873e-6	-4.164598543390803e-6	0.042744015894772766	-4.182300017258078e-6	-5.563381677059073e-7	-1.999140647976737e-6	-4.182347779310178e-6	-2.0321926845394786e-6	3.0031128176134195e-6	-2.1237502947447175e-6	1.13175385424594e-5	-1.8039786107350015e-6	0.8303297304437076	-6.415219525243848e-7	-1.9202537201267495e-6	-1.9258023254597747e-7
0.0025348478946720008	0.005271739256088824	0.06338765637971497	0.0023560771841278504	0.002676184467693094	0.19364965820305363	0.0013516114253419994	0.015317147431211826	0.005533244453544251	0.0030017905625043394	0.005343092150082082	0.054938768937015006	0.005090524837783234	0.10588653631987162	0.005617082286160022	0.05359886355288005	0.014971285439187205	0.0052028517346183025	0.018213699374746685
0.007380228617654094	0.011036924809852935	0.012689628319736463	0.010707585317281335	0.01836570896138743	0.012033829946460215	0.03196980881038485	0.01229645350603713	0.011515541124515711	0.008189803771831277	0.011639981977589375	0.021339570709003525	0.011268149403889918	0.00938815510982342	0.013621461533247716	0.017907924304454394	0.012645905074594921	0.013544311388976004	0.015989642725957657
0.0018622981116528713	0.0031876505657113478	0.01929496149184913	0.0014923083095185739	0.001390260328302227	0.02117028102888904	0.0007412382975941697	0.007918358945994198	0.003240827218440647	0.0022894721414616556	0.0031413102816973248	0.007367064687145797	0.0030562104324040225	0.03299507712135727	0.0029971665121038345	0.5664208857173127	0.007434612007799313	0.0027999032014317596	0.008953255556271753

L
0.002135503975461921	8.153883861821092e-5	3.9764653583401654e-5	0.0028955918149671618	0.056044659828663496	3.8885448692664815e-5	0.15685493719045973	4.764232907930207e-5	7.67677489332646e-5	0.0030688316838143304	7.752933280737886e-5	3.970457314460886e-5	8.079160929078237e-5	3.916993072182137e-5	7.077006075932817e-5	3.973458704342274e-5	4.8632287177538095e-5	7.43589391313261e-5	4.462726923444548e-5
0.016854805586806104	0.012318624555177253	0.00982543008711674	0.016368119956510708	0.01960586122750708	0.008429363373717568	0.02152413097340874	0.01019178073332092	0.012142571904755444	0.01496936365797674	0.01224010741370963	0.009626577221248715	0.012380571005680773	0.009055264131384086	0.012131856883157207	0.010441297354239576	0.010253182848569117	0.012338082120627314	0.010654824181376891
-7.045406046219327e-7	-2.745046618563899e-7	8.547392906342507e-7	-6.705345987057272e-7	-2.6623084360764715e-7	9.414037693776337e-7	-6.80990902144586e-7	-1.895979116516284e-8	-2.4290202150741494e-7	-7.047602307019743e-7	-2.6188725836990853e-7	2.1349145661749743e-6	-2.9071811043207095e-7	-2.256531452112598e-7	-1.863386009592242e-7	1.5860772385201216e-6	4.236567758439833e-8	-2.1121532449444377e-7	2.9159771570533965e-7
2.1229139414552536e-6	-1.6177264446508618e-7	-5.484928584893522e-7	8.788015273623706e-7	-1.5868986694277527e-7	-5.616375346751009e-7	1.0540759498632556e-6	-3.483117537092774e-7	-1.8951346848949826e-7	1.49544920783032e-6	-1.738875799321243e-7	-5.895576665575592e-7	-1.4552491357906963e-7	-2.0626508912676526e-7	-2.36517629868523e-7	-5.698412977435619e-7	-3.78659635204649e-7	-2.1711545279387993e-7	-4.6399134206731737e-7
2.8747940965476792e-5	-6.273013866997268e-7	-1.37450817320433e-6	-9.191817878903037e-9	0.0026813649762723202	-1.4711118878874652e-6	0.007069484817048698	-1.1851617546989282e-6	-6.798703122677057e-7	1.4381471993521777e-6	-6.702490052444889e-7	-1.4802135953345891e-6	-6.328000277092975e-7	-1.4723058592024416e-6	-7.564589863459331e-7	-1.40623101718181e-6	-1.1577705400205817e-6	-7.117056916705655e-7	-1.2484569646017762e-6
-4.233139844797397e-6	-2.2083252108099328e-6	5.872086227924569e-7	-4.197691871218975e-6	-4.238186036578804e-6	1.1827960845862615e-6	-4.239436830162308e-6	-5.843807223328671e-7	-2.0765201406474908e-6	-4.2376039381629145e-6	-2.0986777635371983e-6	1.1237609718545306e-6	-2.189083941020984e-6	7.050783132405954e-6	-1.8627637314500098e-6	1.1547372187072825e-6	-6.677235472601404e-7	-1.9824360104029885e-6	-2.8663663531610396e-7
2.6238366343668164e-6	-2.3198476407137636e-6	-4.941457887990401e-6	1.059903078010903e-6	1.7150323723826287e-6	-4.955146707519841e-6	1.7076871805640815e-5	-4.086357943060188e-6	-2.4831263267448126e-6	5.212371517604466e-6	-2.4544604919346576e-6	-4.924144107955469e-6	-2.3487372107998665e-6	-4.997097122423935e-6	-2.7151528182787814e-6	-4.973570538922636e-6	-3.997032755915049e-6	-2.579973743892092e-6	-4.409532334820029e-6
0.005620962978910783	0.0051674766095302655	0.005218962348417668	0.004584193707622582	0.003089216043816689	0.03640930693426382	0.002669305730896729	0.005894342615700197	0.004990997387215972	0.007417594746232882	0.004955196690209159	0.004566053141894992	0.005017624806904533	0.012619069436143512	0.004392305747388249	0.003515043894106962	0.005809782367440382	0.004333208007339195	0.003972261282003416
0.01651089364900385	0.012826573256627892	0.01056641816110668	0.015445928562931338	0.01691413272516423	0.011208903332367263	0.014109899181245411	0.010904670419739916	0.01255939591359193	0.016398488879764986	0.01255046132301773	0.010270143840978846	0.01268069301368648	0.010053256319206836	0.012073168444849807	0.010186068992116765	0.01111689057984359	0.012184167725165835	0.010542924943367216
0.00034559556310038644	-1.9433851946121784e-6	-4.105774822409957e-6	1.4773358099588822e-6	0.03126541992754701	-4.146760060388335e-6	0.08537159314543685	-3.413252130203504e-6	-2.075988342212922e-6	7.013399852644137e-5	-2.052346342188614e-6	-4.148742132969088e-6	-1.962091573720218e-6	-4.14682269704655e-6	-2.280935862613006e-6	-4.150551541377216e-6	-3.3505708788799416e-6	-2.167106667348475e-6	-3.680261792493541e-6
0.016258370837866506	0.012656319893300625	0.01040657150731001	0.015218473650479769	0.016770966314184968	0.010970334555999403	0.014219537281613034	0.010760584104187919	0.012392763139415569	0.016194886562608722	0.012391700305908698	0.010094456588871056	0.012517952082382794	0.009878325992720231	0.011952438183510267	0.010014837955763784	0.010951989388499027	0.012081661931127708	0.01042783517345793
3.970780672990265e-5	7.431373078371484e-5	0.0028990400198647885	3.956272704789095e-5	3.897712521385233e-5	0.1504477804034247	3.874806394200714e-5	0.00021671764399632613	7.874003283016756e-5	3.956880065522181e-5	7.793165784851192e-5	0.0020905422455835287	7.491358130499834e-5	0.05363361141842028	8.623207816488716e-5	0.002748076809807324	0.00019774313619798657	8.138857115717405e-5	0.0003207108697494109
0.0162558746767743	0.011991975093034079	0.009600781847300356	0.015713010721494107	0.018617444260237148	0.008461809920069504	0.019937128000558028	0.009969433674051837	0.011807981591688195	0.014777419218086124	0.01189034895962367	0.009386037679906128	0.012022800317215239	0.008878074280822787	0.011756574813254725	0.010033469410891524	0.010036594134913614	0.011960952462000489	0.010315019492989944
-1.2532078884586713e-6	-5.938936201368402e-7	1.046827165979986e-6	-1.1226753490223868e-6	-1.2548585642016469e-6	0.007059835547820508	-1.2565553209755074e-6	3.041199194785941e-8	-5.515543036902506e-7	-1.148415083495747e-6	-5.56735752160919e-7	2.962243174854608e-5	-5.887660107920867e-7	0.002679628104167871	-4.787326269154175e-7	4.463722494811696e-7	-1.4178727853178585e-8	-5.197805824636874e-7	9.393085312550682e-8
0.014365885764840707	0.0126824775969568	0.011503869493412781	0.01239765052637048	0.010590996926762578	0.03220434349062681	0.007618179063280384	0.01207913268074287	0.012242379936529962	0.018071174784814122	0.01204467038273021	0.010648109748038218	0.012161401030919524	0.013995867829422673	0.010882221501633794	0.008719300101368083	0.012476200888365057	0.010823667530485278	0.009458426484643104
-4.177946093361095e-6	-2.1437022194343763e-6	1.0372768092881454e-6	-4.09204688897091e-6	-4.1821181712583985e-6	0.08535435383801887	-4.182280075199417e-6	-5.516100385946462e-7	-2.000894628193002e-6	-4.140029647408088e-6	-2.032416422916422e-6	0.00035333825199289733	-2.1255529552167173e-6	0.03126668373831682	-1.8008314909155927e-6	8.217916964454192e-5	-6.39967478368956e-7	-1.9174177650944594e-6	-2.0595616421702412e-7
0.006159951136923479	0.005653422925740086	0.005690992758595543	0.0050421410872078295	0.0034426288831809235	0.03830175666309333	0.002986085834243582	0.006389051924441433	0.005462997987366367	0.008027333349657873	0.0054209233219326	0.004978049064812858	0.005488934924246034	0.01325962649814149	0.004815177994203117	0.0038722028611362616	0.006305682746148512	0.004753743036498072	0.004357740518290616
0.014349125280609455	0.012583963934019842	0.011316769877470398	0.012465714254839218	0.010966492802358858	0.0287444786443402	0.00779487724913793	0.011808272296661804	0.012154983596477289	0.017835277746141447	0.011965226396391011	0.010518175197818662	0.012077821123220438	0.013144262492804027	0.010858581645877836	0.008704344480539314	0.012224381787739408	0.010814420168609574	0.009417392588381725
0.003455422124383812	0.003278712611839764	0.003457702797843355	0.002817884181571089	0.0017584221497562343	0.05866750063979654	0.0016435573414068415	0.00409878862588978	0.0031788041594697767	0.004426250697240365	0.0031641711417263844	0.002964088812429433	0.003204601832755832	0.02055954450942778	0.0028038066468684844	0.0022354136437013235	0.003924166666671994	0.0027576556165579418	0.002576882819191217

M
0.00010591539799655751	7.901897771374366e-5	5.1471651525193444e-5	0.00015530985348530144	5.558051715279691e-5	7.013769086344261e-5	8.74912057136299e-5	7.611293761026233e-5	7.735206428844474e-5	0.00017136957692473622	7.904913930435915e-5	6.288741445299446e-5	8.041536617733845e-5	0.00012228228098969774	7.420024865870547e-5	5.008127545973601e-5	7.192894399993686e-5	7.481303767152187e-5	5.712891199865757e-5
0.015886676902120388	0.01260019573628328	0.010483343256155398	0.014704041650897951	0.015887305735100634	0.011940430002744588	0.012667147762407086	0.010806743648602684	0.012311175653681668	0.016408617714649874	0.012278598515846126	0.010121615697918605	0.012397880245365075	0.010011156665561472	0.011748797798908322	0.009775465383156679	0.01104500723603985	0.011855397443399427	0.010237310360658605
-3.897609212675507e-7	-2.482089828396326e-7	-6.865476815009483e-7	1.5096810687341805e-6	-7.307954306445201e-7	4.475315433489816e-8	-4.6998782090344965e-7	-1.095380295766004e-7	-2.5869469415209904e-7	8.448859791966093e-7	-2.402248341149086e-7	-2.937998624080464e-8	-2.419248758333053e-7	3.998768098784923e-5	-2.6461445897467473e-7	-6.663016175658423e-7	-1.646336181328525e-7	-2.7166929382041406e-7	-5.231364617674501e-7
1.1106654959088574e-9	-1.801880515350268e-7	1.1148132125343128e-6	-5.608778985383792e-7	3.875605815429452e-5	-4.597939218046639e-7	1.786299957663289e-7	-3.0267437538949824e-7	-1.7686930798057367e-7	-5.607690528970668e-7	-1.9295084968300568e-7	-3.6981130386260826e-7	-1.8390083028222867e-7	-6.134755947982906e-7	-1.6727380818873817e-7	8.214401976331322e-7	-2.6763695205098936e-7	-1.5749739140559875e-7	2.0074037632368324e-7
-4.6194383018789143e-7	-6.612389019223516e-7	-1.9018844822636574e-7	-8.582071155360356e-7	-6.619237960818807e-7	-8.039045521370324e-7	-3.2251191400681e-7	-6.486535653799406e-7	-6.549488286217415e-7	-8.927646744088626e-7	-6.58475810247054e-7	-7.096016331057167e-7	-5.486881908528834e-7	-6.660012832465101e-7	-6.473509965456639e-7	-2.0880394743862885e-7	-6.532992635954452e-7	-6.476711199691677e-7	-2.8219747997196066e-7
-1.8628161636467175e-6	-2.1201283272717966e-6	-1.6448899078568397e-6	-2.363063479448405e-6	-2.076180605560463e-6	-2.590567246111315e-6	-1.4316169884260192e-6	-2.1143388083049517e-6	-2.113571297072998e-6	-2.4739814315373285e-6	-2.103961494290032e-6	-2.2832789762917687e-6	-2.07290881197613e-6	-2.12290962479487e-6	-2.0849925528233385e-6	-1.5404604109630528e-6	-2.125249396826098e-6	-2.0721728096301012e-6	-1.7133403844520741e-6
-2.6945590069149084e-6	-2.442694092275704e-6	-2.979783056295287e-6	-1.8239990358732364e-6	-2.502163211051389e-6	-1.997862687719819e-6	-2.8310373619165913e-6	-2.43396680911116e-6	-2.4440610956677737e-6	-1.8247825923269209e-6	-2.4452932219426405e-6	-2.1382936623470163e-6	-2.4663258994240815e-6	-2.3807116430942023e-6	-2.4458839177401668e-6	-2.9354088312535295e-6	-2.392215647031481e-6	-2.4534984264744552e-6	-2.804152863153448e-6
0.006302488702201136	0.004977844319461101	0.00417602229592052	0.005834116479179608	0.00631761265174706	0.0047232609993357565	0.005017687702809471	0.004288489266070308	0.0048731257434344215	0.0065503743416493255	0.004860214563259368	0.004018829852148099	0.004905899046004244	0.003964640784196694	0.004662142999778729	0.003887231993080636	0.004377010303927393	0.004703147282350952	0.00407370375938612
0.016266292886032797	0.012889310090598396	0.010740147303805889	0.015065269948972598	0.01626929025938455	0.012212746175796488	0.012954973172213028	0.011057604874572661	0.012593291387536046	0.01685416951541103	0.012557475218012365	0.010364588545118033	0.012679512659629534	0.010245083293197314	0.012015868201023162	0.010035914428054923	0.01130105754728358	0.012124354709777801	0.010492533744252778
-1.7668841226260446e-6	-2.048267328488771e-6	-1.962146616803474e-6	-2.074911943575875e-6	-2.020229385626927e-6	-2.062405578999385e-6	-1.9751757445735542e-6	-2.039706300066479e-6	-2.0441433268454844e-6	-2.104163586695862e-6	-2.0452615788933808e-6	-2.0059152588346085e-6	-2.0474175652121294e-6	-2.067817183972253e-6	-2.0311706798947092e-6	-1.931048578226255e-6	-2.0315837365571715e-6	-2.0320115385532797e-6	-1.965411639100903e-6
0.016030166290628756	0.012725525578044653	0.010583061262451777	0.014838130333906002	0.016048703666564038	0.012061942121128447	0.012788278774455219	0.010911719075173352	0.012433623568059804	0.0165584736081162	0.012400372115315549	0.010214082901593381	0.01252103953613882	0.010108854143910185	0.011864213641165251	0.009866564762340104	0.011151734443091465	0.011972012086882325	0.01033515334517481
9.715265635483602e-5	7.961934765950409e-5	0.00010660902729431025	5.9256307644175126e-5	0.00019386568259688845	7.967677155530035e-5	7.55597675139761e-5	6.66037272082344e-5	7.845052445119068e-5	6.740257557275457e-5	7.675497422058253e-5	6.476606340559644e-5	7.721391632590099e-5	4.836047338485446e-5	7.541671452633075e-5	8.891550230052273e-5	7.108614797771334e-5	7.592114339034312e-5	8.246192050611035e-5
0.015418617057875034	0.012235350964918993	0.010177070690043099	0.014273311554397393	0.015429319024610382	0.011597422493377953	0.012298045487978922	0.010494514188255264	0.011955538860501288	0.015931604512900738	0.011924056933489507	0.00982470350557505	0.01203996903493833	0.00972340128866472	0.011409647750124305	0.00948804023426663	0.010724025653313126	0.011513239849222909	0.009939614505787151
-6.54395558985628e-7	-5.567215238546074e-7	-7.839475391740599e-7	-1.7630635674267175e-7	-5.672157589295393e-7	-3.036264183344675e-7	-7.30913782869193e-7	-5.710176949600632e-7	-5.6392889180287e-7	-2.1026199575181442e-7	-5.617050067746138e-7	-3.760013746271778e-7	-5.710036966816484e-7	-5.479574263140738e-7	-5.743313957646883e-7	-7.922204544480577e-7	-5.496234095709271e-7	-5.744454757507806e-7	-7.227311588187865e-7
0.015465607450765284	0.012254444332566259	0.01021466591498969	0.014317526120679363	0.0154849645422098	0.01161269300299055	0.01231707430789958	0.010511937574390938	0.011974592368393122	0.01601633094813155	0.011938757587739955	0.00985427295920007	0.01205418500938271	0.009737078511183996	0.011426326805436808	0.009542888195380314	0.010746491967213213	0.01152894367210873	0.009976853238200422
-1.8511482235614535e-6	-1.9954850213613053e-6	-1.8256323467338757e-6	-1.955019442771956e-6	-2.073007261485236e-6	-1.7348557477497402e-6	-2.084771042395534e-6	-2.0210426792799373e-6	-2.037583396751595e-6	-1.703046626667442e-6	-2.039739265751082e-6	-1.9016179815542025e-6	-2.033399482441831e-6	-1.997678710881808e-6	-2.038123560926044e-6	-2.053857425266872e-6	-2.029523588962838e-6	-2.040592051772728e-6	-2.069058420675062e-6
0.0069005501647714665	0.00544994736529889	0.004573525702337774	0.006386095746121561	0.006918148295969689	0.005169786707017143	0.005492635094826096	0.004694680781405016	0.005334778964736716	0.007169019207684101	0.005320046817874383	0.004399906801759214	0.005370065124838935	0.0043408060612083405	0.005102727091142832	0.004259390289177605	0.004791713063013405	0.005147622143420953	0.0044611565579382294
0.01536202027705519	0.012187098793917517	0.010151413247024588	0.014227541596404478	0.015389147257839651	0.011550205629748454	0.012248028814958197	0.01045032574504585	0.011908973304227513	0.01589588714654498	0.011873805288786073	0.009787894536987352	0.011988659042882674	0.009679396410687172	0.011363355608432229	0.00947274301210893	0.01068508339326209	0.01146579966179716	0.0099113324877368
0.004002707673762908	0.003162354522357614	0.0026507492990064992	0.0037071571941753203	0.004001650644967214	0.003002128883405051	0.0031897894578236915	0.0027264146126202904	0.0030967715283740918	0.004160850649850982	0.0030897105242156772	0.002553269045254925	0.0031186734202370437	0.0025222864290437744	0.0029649093144371013	0.0024626127773865834	0.0027830877182024134	0.002990972429294386	0.002585769612309771

N
4.2588460646048595e-5	6.986472617525733e-5	7.918411422763822e-5	7.707265948559597e-5	0.0003312169250105873	4.352272775331826e-5	0.000932291535389079	7.340378630663214e-5	7.562088116584527e-5	4.147772344191018e-5	7.516598434649421e-5	0.00027589899448570885	7.149860380583066e-5	4.389536345418914e-5	0.00010144904614640451	0.0006160603457074861	7.619082762842745e-5	0.00010151527093980395	0.00016591772080230222
0.015955822875408015	0.012576147693618603	0.010412455150987914	0.014820576314125726	0.016138592005735714	0.011534570934122973	0.013148299821427265	0.010748569366413543	0.012297319604723836	0.01625721931807515	0.012275591552179143	0.01007022413346168	0.012396622707110895	0.009920791399707599	0.011780281190856853	0.009815712097684146	0.010970059846222928	0.011894610345550493	0.010262756270669207
-2.516016315256207e-7	-2.51613573394696e-7	-2.5161548037280073e-7	-2.5161552294360437e-7	-2.5161761676807413e-7	-2.5160474850809e-7	-2.516260950051996e-7	-2.516174677052746e-7	-2.51615035729132e-7	-2.516030653346131e-7	-2.5161516271491815e-7	-2.516278315409885e-7	-2.5161439092433106e-7	-2.5161332947530854e-7	-2.5161889672138026e-7	-2.5162778077886895e-7	-2.5161719347951865e-7	-2.516187180060529e-7	-2.516234482417206e-7
-1.837377872199888e-7	-1.8372116324664826e-7	-1.837190144003248e-7	-1.8371896186743154e-7	-1.837169793023341e-7	-1.8373284555630756e-7	-1.8370339078511955e-7	-1.8371566849388502e-7	-1.8371939675046565e-7	-1.8373554407190898e-7	-1.8371941030417068e-7	-1.8370030189900778e-7	-1.8372045806923846e-7	-1.8372090186346178e-7	-1.8371389343633085e-7	-1.8370050356366965e-7	-1.8371622814124172e-7	-1.8371416109195154e-7	-1.8370694960595762e-7
-6.603759598417681e-7	-6.662226621227054e-7	-6.667715779412471e-7	-6.668064756459758e-7	-6.675342531779503e-7	-6.612264348467717e-7	-6.715399485502464e-7	-6.676409172139793e-7	-6.666436908774339e-7	-6.61303088698446e-7	-6.666678507829936e-7	-6.716663818641367e-7	-6.662718510254666e-7	-6.659023845854311e-7	-6.68559951790568e-7	-6.714540947498318e-7	-6.675554849913895e-7	-6.684948742093901e-7	-6.703360422189977e-7
-2.178066545943076e-6	-2.1155440143137513e-6	-2.106714444543479e-6	-2.1065322803736443e-6	-2.100372262040259e-6	-2.1582899199619115e-6	-2.047788359668534e-6	-2.093450592764551e-6	-2.1086744184800047e-6	-2.1689695167974276e-6	-2.1082377567284663e-6	-2.0348884521744094e-6	-2.112079592942457e-6	-2.112104755417715e-6	-2.087387755830508e-6	-2.0360456089716145e-6	-2.0959253110638486e-6	-2.0883955081075257e-6	-2.0605793675748567e-6
-2.3366400413307275e-6	-2.4296096230565524e-6	-2.4443863037100455e-6	-2.4446085630392995e-6	-2.451272600250128e-6	-2.3644604900556323e-6	-2.523021147474667e-6	-2.462624387712706e-6	-2.4405540637839047e-6	-2.350123765045931e-6	-2.4420431045911034e-6	-2.540813958770385e-6	-2.436167756793102e-6	-2.4371999118588007e-6	-2.4706182566526887e-6	-2.5374792913426305e-6	-2.4591432399562995e-6	-2.469156886264218e-6	-2.5062213116711107e-6
0.00633687992752796	0.004969607488003881	0.004152343396023186	0.005886561082368406	0.006399417147921357	0.004585330755464136	0.005190460581276141	0.00427249650536863	0.004867541044728618	0.006503192365790503	0.004859456705661925	0.0040049852415904984	0.004905869748910317	0.003945150760635549	0.004671784409608837	0.003898279732895287	0.004354697244843088	0.004717931857833782	0.004081446254645416
0.016299610845809737	0.012882710890476112	0.010711709267258392	0.015102167973475331	0.01635712686125043	0.012082567571067643	0.013096139258905225	0.01103971550767585	0.012590096769784412	0.016793100876243285	0.01255674035739686	0.010354057396793704	0.012679296120490492	0.010224663739180961	0.012025288220452915	0.010046212429133882	0.011279373137812155	0.012133990974372686	0.010496457698255687
-2.1004778449262226e-6	-2.05304029129476e-6	-2.045307302319303e-6	-2.045191530152523e-6	-2.0416171888774247e-6	-2.0857529473329785e-6	-2.0038223816736745e-6	-2.0356712837366615e-6	-2.047304001176662e-6	-2.0927125596481465e-6	-2.046520709524207e-6	-1.9949307086745145e-6	-2.0495489323174494e-6	-2.0486868666607975e-6	-2.031465846379772e-6	-1.996725893020534e-6	-2.037600492531322e-6	-2.0321832455525915e-6	-2.0126949063298475e-6
0.016035766085832685	0.012724108449993464	0.010577401258985741	0.01483726532255063	0.016071239996284865	0.012031950355444876	0.012823167313636807	0.010906298565882894	0.012433042861346244	0.01653460178540798	0.012400092879737507	0.010210131133945663	0.012520935002903766	0.010099980420849855	0.011866360087378567	0.009870558283006	0.011145640527135873	0.011974285907287805	0.01033689343610053
0.0002931395223264635	8.610364323435975e-5	7.644112409818803e-5	7.917083458287933e-5	5.6234218554684405e-5	0.000322883969054347	4.935325099103688e-5	7.539026316178549e-5	7.961315317599859e-5	0.0003213733077472227	7.949799657366245e-5	4.7783084769492884e-5	8.317034679484984e-5	0.0001225341298704386	6.482427127086706e-5	4.419507727582853e-5	7.544466624574491e-5	6.501419730849848e-5	5.269242823289886e-5
0.01542603939960652	0.01223228571870596	0.010165916293524426	0.014277021911605304	0.015470651823693327	0.011527399387293306	0.012376030259147073	0.010482096965247548	0.011954023587719027	0.015902901495465513	0.011923316418236615	0.00981381538134311	0.012039514273365588	0.009697078103553679	0.011415355965586292	0.00950044583701845	0.01070942446869409	0.011520525195677868	0.009947278752996015
-5.53531149848553e-7	-5.582692815340217e-7	-5.596923069535632e-7	-5.597344630026902e-7	-5.60259664627836e-7	-5.543412536024752e-7	-5.620161327986639e-7	-5.601002572609001e-7	-5.591358379837491e-7	-5.543701241203061e-7	-5.595343626400714e-7	-5.624321631909387e-7	-5.591856757742992e-7	-5.58489052792511e-7	-5.604880179867407e-7	-5.62031040033762e-7	-5.599652496517546e-7	-5.604719860605512e-7	-5.613818738081626e-7
0.015333699709352899	0.012299582239216903	0.010334940058550946	0.014081905949541172	0.015032528454672497	0.012480272647596507	0.011500347425054526	0.0106169235538685	0.012001604401950262	0.016219511325791372	0.011945091528603746	0.00994565783509899	0.01205793709602887	0.009925475062599528	0.011362417385806699	0.009447160716555145	0.010888520749104505	0.011445936323733242	0.009906922519529857
-1.979335983156006e-6	-2.0322061499249036e-6	-2.040885652242411e-6	-2.0410112852924773e-6	-2.04470550881634e-6	-1.995192516595357e-6	-2.0856068272523026e-6	-2.0513157388503083e-6	-2.0384816407885906e-6	-1.988195687240387e-6	-2.0395408943533953e-6	-2.095035862177353e-6	-2.0362345668353756e-6	-2.0370454905017978e-6	-2.0559750554574098e-6	-2.0926713542560927e-6	-2.0492030021928392e-6	-2.055226021006992e-6	-2.076128437493895e-6
0.0070152301622091115	0.005423763107685341	0.004478949831024825	0.006580783740901207	0.007249372316482079	0.004667036070635565	0.006187829578838415	0.004622952897957926	0.005321704069067386	0.0069822748744716966	0.005316763993085864	0.004337122523715733	0.005369440670354039	0.004236283810209584	0.005142066109206563	0.004316713931440981	0.004699559397470752	0.005197535061501193	0.004493618238775819
0.015219923008073654	0.01223593555974692	0.010281604436334342	0.013972525410216641	0.014908025373999278	0.012486062846970994	0.011388948161929585	0.010562411934625251	0.01193834752337089	0.016114124041214845	0.011880539583779041	0.009883999563300704	0.011992502603018972	0.009876642220541835	0.011296007879168872	0.009373646016817146	0.010836161622394787	0.011378856155276722	0.009839442295461794
0.0037300546922349256	0.003242008135121481	0.00299088952235604	0.0032039129784620754	0.0029733252867166814	0.006532280989923034	0.0019747181952505222	0.0030511860857626973	0.003138316480885619	0.004729316768162875	0.0031073968849906685	0.002781289019218652	0.003131770702230245	0.0032164994566727056	0.0028495610449975157	0.0022895308379660985	0.0031619818913640038	0.0028391997646549025	0.0024941549265953176

P
0.0052864822505832515	3.919563111015518e-5
0.014711041380674927	0.010251110685662826
-2.7994585364870485e-7	-2.126414070972129e-7
-1.4643783811852934e-7	-2.156092745038434e-7
0.4801436611002368	-1.4721046432286488e-6
-4.048410547656717e-6	1.7924212114716213e-7
9.649844255699867e-8	-4.724683169801875e-6
0.002272574139529143	0.13485239358397008
0.012550786662493152	0.012050271634211022
-9.910035034902862e-7	-3.0362535874106894e-6
0.008822963075065107	0.020273332929587995
3.908772535979523e-5	0.004083697176122275
0.007718400108470965	0.024844450776567103
-1.254297341041703e-6	0.48016803397228836
0.01103619211210185	0.012507626207998453
-3.0816123433563813e-6	-8.633787293400171e-7
0.0025455461580259973	0.07501557914307246
0.013325153681519847	0.01040299330971292
0.0014578005008733616	0.03659786769204019

T
6.63579655510323e-7	-1.0060606036008784e-7	-5.120698900683876e-7	0.9999972189795794	-1.7708905906444736e-7	-4.416433859946283e-7	9.713131665711374e-7	-2.407703243491422e-7	-1.2210513794557002e-7	4.942846773981984e-6	-1.0330632274781572e-7	-4.1635900856416037e-7	-8.167352031375968e-8	-3.2015645707697334e-8	-1.522917604094757e-7	-4.980689413233774e-7	-2.7634499239265483e-7	-1.3604388173414954e-7	-3.9289328818607353e-7
0.004542635966621346	0.0004818060680557226	0.0002499107789940407	0.12770917118783784	0.0005539379361717326	0.00019843169935984307	0.10076670719407449	0.0003460939516189397	0.00046685479675303047	0.7606637825705852	0.0004863028670508307	0.0002529893514740798	0.0005107620787374532	0.00042294664736535024	0.0004601719549539646	0.0002836407820618022	0.00032199924939648844	0.00048281927539774335	0.0003194390715422362
-5.134616633700369e-7	-1.8462414098160155e-7	0.9999975437487196	-6.269934359463317e-7	-7.736977238415922e-8	8.60219342239635e-7	-5.439156455463442e-7	-3.389534867534188e-9	-1.6125096563764942e-7	-6.102039856849073e-7	-1.8294079366826343e-7	5.676663564939755e-7	-2.044682137182701e-7	-2.509320216201328e-7	-1.2673518993621355e-7	4.3288975785265196e-6	6.568713999398562e-8	-1.4670432189009561e-7	4.3967787595807176e-7
0.0002765958864859007	0.0005024503878406465	0.1288913791550432	0.00025952841066394087	0.0008184518355800596	0.09964555946077897	0.00020498146308125059	0.0006541072682469304	0.0005154855107500905	0.00029990948370429423	0.0004875394758510812	0.005078605901862858	0.0004641857388923128	0.0003602373398301748	0.0005179996217640784	0.7582296358307083	0.0008401412137501725	0.0004950993898242651	0.0009578428914574966
1.6813774568998096e-5	9.893351822427242e-7	4.013943766558923e-7	0.011254853458821153	4.138819117303822e-7	4.0096926738757947e-7	0.5427332485879157	8.629385145125602e-7	9.434805842747688e-7	0.4459629083499088	1.0111417356976308e-6	4.1785793884255754e-7	1.0905141228129225e-6	2.1267244028317384e-5	8.686075388714144e-7	4.0176937828092033e-7	7.050056190353863e-7	9.015985270584025e-7	5.361237215012938e-7
3.816045764003819e-7	8.786588770214285e-7	0.011252766233918956	3.6330539133465086e-7	2.201878199984171e-5	0.5427555651176672	3.6292060567393234e-7	1.0233470068507305e-6	9.230002669609129e-7	3.636496036186495e-7	8.622116074217777e-7	1.7345021038903825e-5	8.056251701671399e-7	3.7398423220101375e-7	1.014157934571662e-6	0.4459389473056634	1.3773360408929767e-6	9.693413658531881e-7	2.754533557617025e-6
0.05240759876353291	0.042980895832959956	0.03505876374442392	0.04874553370056407	0.25027542897578653	0.04286431270927225	0.04026008724486711	0.03172678875595563	0.04173078890849394	0.0530804758721431	0.0407760782603156	0.03439497159724948	0.040940331643206825	0.024112979443906387	0.03896389755671636	0.03344861525697051	0.034731898013896575	0.03911886429209729	0.03299377950825337
0.05572457095571022	0.04212716518903706	0.034765892232150035	0.050405801285575404	0.02528081040708211	0.03728811034950919	0.045454436792312626	0.048388378241527044	0.041408110727894964	0.05756847960917288	0.042437670455152544	0.03321954112296708	0.04337012194823155	0.20937180964790694	0.04006506733413308	0.03186437547436295	0.04217007042764356	0.04051424481342248	0.03633124476801086

J
-183.7931624780088	-1023.0579154797896	-545.9323953424025	-1049.9249440936758	-1043.8802367906328	-629.0793973941123	-6.847247120598216	-93.20256526177043	-214.9687758428598	4905.276668809646	17094.811983200183	-234.3620888082907	-13962.363201118284	-1054.823571124546	-1548.2436013325012	4110.804213836417	447.49970737001235	-2440.7803683904617	542.2743510627137
-3090.3584002064154	-13550.4862206295	-4135.622301370537	-9594.988029546339	-10909.428592279002	-9635.163512957151	-6899.142633734943	-7088.435425732158	-1877.731168822277	58956.13762886093	110957.55203303137	-13574.326165472072	-229181.62775753025	-3434.313229911286	-9196.029187674943	57684.17374816585	830.6326644265234	-14624.991125777098	-3041.481702382306
8736.716225393762	-338.2802845816864	-29326.321354127485	-13992.453790272148	-14040.212009608664	21724.27267276448	18532.439006709606	11528.070243788912	-1187.2324444767394	-1089.6743808084873	-2379.650053764275	-897.8736349230255	8242.105339802714	-20054.483251311656	-5288.045309828022	1582.6339353352985	9845.640574548423	-6960.093407685868	16140.614709295614
-2621.686027403643	-1011.4462470220005	-635.5184387430786	-1547.524047177591	-1001.082149729814	-31.348203020558437	-1108.621463250998	-2945.7456960812924	-813.6523734200598	-1282.713545326259	6861.251949851153	-2021.715781714671	2595.880765682843	76.62409535780145	2658.7528875908806	-420.34831344354376	-2678.3816237773613	3139.147138679851	-1766.9016791329607
==============================================
