F
0.005732349055189697	0.00153411913407034	-0.0005603571407758875	-0.007731373107433085
-0.01160861868152995	-0.04924892245598936	0.0012331052647413107	-0.027845007390155663
-0.2808823646696709	-0.37317279358597377	0.017731853012762453	0.021398323507509958
0.07743604912470338	0.0929628160170776	-0.004802011163340219	0.08930973672986979
0.0038646703336731925	-0.23207402202417612	0.0080214676113209	0.010086876172390602
-9.447187903595473e-8	2.3967513522857705e-7	0.0034496007552393044	0.004353529776696483
-0.004231945622793762	0.2540735201349602	-0.008781276793078671	-1.140584148770479e-6
1.1374762271208592e-5	-0.000852401273439371	-0.0033150771061232678	-1.2208516244145036e-7
0.34422180871763275	0.4573111431673344	-0.021732948612489103	-4.907121597166548e-6
1.989998820216649e-7	-6.713528628289932e-7	-8.725572910913646e-7	-0.12496622312258379

G
-0.9561861552693209	-1.1402603999421639	0.05719261346433157	0.07440671272344777

K
-0.18932611682346412	-0.225770917442683	0.011301228328023142	0.014727948840609337
-0.003157806758727334	-0.0037630144078612433	0.00014155899930808188	0.0002365512187961825
-6.836240574670206e-5	7.200285417944808e-6	-0.0013546314074210435	-0.0002624153301501186
-5.816786357644208e-8	6.16503270938801e-7	-1.139708082323069e-6	-3.0968133581530826e-7

H
0.02337927506917082	0.030690035516583676	0.016241554926337835	0.015288199457599669	0.032001241939703065	0.010547310639683782	0.01352036975752922	0.12098352341653067	0.023338544811203423	0.0470546344450113
0.012559799774024959	0.024593860007440564	0.04578446909126291	0.005698764529335346	0.13333794634413434	0.005133135928802568	0.0049217641497374095	0.1973226546346796	0.004800700800849512	0.14681881209799139
8.958825495268672e-8	8.064387587630458e-8	0.8166600848302416	2.267201959167888e-7	1.034705555520563e-7	8.784764657471082e-8	9.78781043174369e-8	1.0920192767440222e-7	4.760796275662775e-8	4.591079562875981e-8
8.984652049272845e-5	8.854487627720963e-5	4.856647772819868e-5	0.5846182472577696	0.01426121514969385	4.036495796139664e-5	4.00838293007138e-5	0.03067474515258637	0.051226543595040704	4.180021545599153e-5
2.3273191964303283e-8	2.309739031796493e-8	0.026744287967863226	6.907201272706736e-8	0.9408740943464702	1.6319456715700292e-8	1.4868387374217238e-8	4.6284702005795656e-8	1.5211312932897564e-8	1.123799849816921e-8
-2.826434281738819e-8	-3.833664224336841e-8	0.00010375141446354826	2.6090865233838068e-8	0.007266145135004579	0.978603225427454	-6.243766847708451e-8	-5.8949270592935306e-8	1.389733395401161e-7	-4.29434469848917e-8
4.183029724348877e-8	4.48897005022658e-8	5.832586946342131e-9	1.686101959787084e-8	5.728928489224854e-9	1.8081862369739998e-8	0.9408740500043703	9.998373819802122e-8	0.023892307937698077	0.03512942050205395
-1.4896761933601482e-9	-7.31428182885881e-9	-1.4928215297743276e-7	2.0662279594418612e-8	-2.2827263969306872e-8	-2.387047579936934e-8	0.006571263988659073	0.9800711753380328	1.6357768059824374e-7	0.013255969392921287
1.8937093590236798e-7	2.782830824246118e-7	7.46669105031236e-8	1.0749223701162733e-7	3.6456277942152044e-7	7.805200928596777e-8	8.93120280802887e-8	1.0186476406801525e-6	0.8166589748333338	0.04546706973835682
1.1740081455440916e-7	1.442933644136028e-7	8.951682521913193e-8	6.010791443215881e-8	5.8085782348661384e-8	5.297625481696537e-8	3.0659778465912156e-7	5.155631639784972e-7	9.493901125752543e-8	0.6000031669345678

L
0.01913475110072726	0.018449985162142198	0.02530344023667584	0.021345238927437008	0.01906042883111405	0.023991227730254142	0.021134343119700083	0.017076015109595763	0.016194352545580284	0.016667072357412775
0.009933940308808726	0.009579096027185874	0.013135123580574327	0.011080644386390058	0.009893999933412334	0.012439220759887081	0.01097110452420917	0.008871246718335578	0.008406473615493354	0.008652140450116974
8.586056930126972e-8	7.615592805539331e-8	2.1649881297858422e-7	1.1562631532882786e-7	7.08205618555348e-8	2.2009624457505114e-7	1.672969109969109e-7	6.249609417729456e-8	6.081781399076726e-8	6.277189329050225e-8
7.76008887216536e-5	7.483197409758448e-5	0.00010262391108004924	8.659748621770549e-5	7.741646209173927e-5	9.72905138552775e-5	8.555145242501795e-5	6.925337024024555e-5	6.568116213382192e-5	6.757042317440214e-5
2.2128693530398887e-8	2.1892101436294976e-8	7.310475166887975e-8	4.47728791057499e-8	3.1974735301150543e-7	2.6030679820799354e-8	9.667824567063787e-9	2.189971123539018e-8	1.2417747352137356e-8	9.644721384183086e-9
-3.519808590297649e-8	-5.24601495877661e-8	-6.391668503208366e-9	7.078727912536214e-8	3.728598872463656e-7	5.296862021727993e-7	-5.339947073104956e-8	-4.445419861675004e-8	-1.795721171381372e-8	-1.387169295436838e-7
3.381371979910739e-8	3.130901299470996e-8	2.287550312473766e-8	2.3150359682358272e-8	1.237025300759666e-8	5.836628613854868e-8	3.117820759054311e-7	2.3717130774260606e-8	5.324351521385064e-8	6.666929107835835e-8
1.3993596671997868e-9	1.8579848326584177e-8	-2.0970952526183667e-8	-8.651331977102792e-8	-4.090210555643784e-8	-2.9467783626764636e-8	3.3778638689763965e-7	4.359627024378449e-7	-1.318100989885251e-8	1.5505159732816256e-7
1.572277543387193e-7	1.6707933421327663e-7	1.3152910472963166e-7	1.5911236294829806e-7	2.490452620668437e-7	1.2731886151423302e-7	1.043733782724045e-7	1.8526169850768555e-7	1.8547209191526737e-7	1.5632723763363412e-7
1.068423150481647e-7	1.0884365116330843e-7	1.1913007476932082e-7	8.237289676571125e-8	5.668670621977402e-8	6.410134487620061e-8	3.107320761393693e-7	2.1167141523051492e-7	8.494201104905134e-8	1.3132146318066e-7

M
0.009570072721185109	0.009230989364926608	0.012640956278110245	0.010682611248403643	0.00956219505873959	0.01196974714427127	0.010525118946503348	0.008551090833995852	0.008103559092462369	0.008329828711088104
0.00495615577002743	0.004769346775213062	0.006589297469097171	0.005510302057367634	0.004878474544129315	0.006350455225284706	0.005579074969756543	0.00437280773987558	0.004190144260320391	0.004337946961748581
4.274094604483048e-8	4.4488751166025775e-8	0.0010505647534586344	2.2513997763335267e-8	2.329574945571488e-8	0.003924808847845187	0.0036659223496749525	2.3427561914576475e-8	1.643645780012851e-8	0.0008473250042982468
4.5776435236398087e-5	4.8814952955757664e-5	2.544777476455241e-5	0.00012771476064467603	0.0011077957015424795	2.0399067199933747e-5	2.003985124455104e-5	0.0011124319195602438	0.00022880602671641051	2.6090702085391258e-5
1.3624243367439112e-8	1.3993249636195809e-8	4.2800408797692925e-8	8.913649625604743e-9	1.1489296446984335e-8	8.356047092401012e-8	9.682821903032223e-8	9.639585617891168e-9	6.459849558923281e-9	3.276303095424504e-8
-7.579851822122355e-8	-3.751773552885375e-8	5.04650774058617e-7	-1.354553346135448e-8	3.4320801345649375e-7	-5.288833211100759e-8	-4.621045129591028e-7	-5.810267919588098e-8	-6.849573611915515e-7	-2.992971615189364e-7
4.986652922089465e-9	4.2859159764140855e-9	7.298166828856802e-9	1.3792219682686363e-8	1.8447429717884478e-8	8.862905107145672e-9	-6.065700707854138e-10	3.4486686893779474e-9	5.81409031548437e-9	-1.3301571579405325e-9
-8.154804775619619e-9	-4.552556333432148e-8	-5.586026561273747e-7	-6.940041407636823e-8	-4.141352047739935e-7	-2.871349119298927e-8	4.108448762843355e-7	-2.5228999481315997e-8	5.918831133105247e-7	2.1637875480478995e-7
8.34892066135814e-8	8.297355790219362e-8	3.934940900507093e-8	0.00035872485601106036	0.004885309860017554	3.601103322644291e-8	3.314347240339987e-8	0.004939950218860747	0.0009700518496590456	4.1258157677947216e-8
4.7764384963657804e-8	4.3579868967579084e-8	4.6969511962294255e-8	6.611622755465219e-8	4.2354533450167907e-8	6.33114508735558e-8	5.99624860096859e-8	4.1615192364432194e-8	6.14840745188031e-8	4.1722165917124385e-8

N
0.009550524008782965	0.009203321502331708	0.013131548805773207	0.010650546448218475	0.009487463672680593	0.012076128484794835	0.010634119608137076	0.008500987143209881	0.00788309028243116	0.008273650199262846
0.005000014110224177	0.004831119358457317	0.005659637659647163	0.005579508012348992	0.005042789288898358	0.006120378184469594	0.005342681634772125	0.004481158225462137	0.004771666400853406	0.004473774245089996
6.182081610677737e-8	1.0487911476765783e-7	2.3440238569777554e-8	3.469669540480196e-8	0.006002271444551761	2.2926877846617346e-8	2.100194701033411e-8	0.004448814123897886	0.03042265720892509	0.0070187317478641
3.401789312552885e-5	2.9251780373114586e-5	0.010290224418100404	3.87729552058179e-5	2.170357772895853e-5	0.0012233297793647613	0.0015386916145909235	2.0886761076237043e-5	1.891913735812252e-5	2.768551317603708e-5
1.6859488089477334e-8	2.8057373153121958e-8	4.7487609086709015e-8	2.6166219163644307e-9	1.3553977121958654e-7	9.498402812450077e-9	-5.5231749336852186e-9	8.363824972843211e-8	5.499965992797674e-7	1.4051500083351482e-7
-6.058438990300036e-8	-5.8269531589371485e-8	-4.3404243455312096e-8	-6.5619545211447e-8	-5.105572072820823e-8	-6.079799819281168e-8	-6.865195440968955e-8	-6.03438185289517e-8	-6.191064170762199e-8	-5.69977731500326e-8
4.076344269790317e-9	7.265776306631962e-9	6.51682710669887e-8	-2.9730525846969765e-9	1.7775795225179197e-8	1.1240281175616595e-8	-6.5294414818766e-9	2.2102385984694292e-9	-5.051951698566367e-8	2.932846033432881e-10
-2.215186493808498e-8	-2.2615223950391093e-8	-4.334412571861522e-8	-1.9054980298014773e-8	2.982791351120629e-8	-2.3815835137916952e-8	-1.7082295390259424e-8	-2.0743219281405742e-8	3.098874486417402e-7	4.7158176944333555e-8
6.110632149279751e-8	4.8934359843930496e-8	0.04569031641342589	8.209494592429324e-8	3.785445349893367e-8	0.005293233192286093	0.00673890185350427	3.663877440195117e-8	3.499757290891743e-8	3.382606607215075e-8
4.811205900986521e-8	4.673705611003045e-8	6.333714097941525e-8	5.299746062693392e-8	4.934765045726036e-8	5.990612016154491e-8	5.13040607021845e-8	4.301173936781354e-8	3.8464043419208904e-8	4.220914033382949e-8

P
0.01340299630180369	0.038143395418222474
0.005445114792710196	0.09454915374457513
0.06847467012627406	4.762002169406244e-8
0.28583134873249283	4.0228035026152146e-5
0.032278141678503354	1.4571089753135393e-8
0.013929253686067367	-5.99855056994008e-8
4.813481354628177e-9	3.0851993672166757e-6
-1.1330994909767644e-8	2.980431762607398e-7
7.322520858899771e-8	1.5627918374834667e-5
4.980905066693043e-8	0.39989194609876466

T
0.009566911293444468	0.010836532229141611	0.005155471872321942	0.007143562515560616	0.3763169919815424	0.33422453602746616	0.004606693837031874	0.005009232014600607	0.19231105229535175	0.044992735542033084
0.005200333673793176	0.004915731515785846	0.0046943571808472665	0.0034524666288782736	0.0029088482663902856	0.6780025480106956	0.2602703112835837	0.0028580922539216177	0.006300315115112426	0.025706357182823422
0.008145070426122534	0.01021998286044692	0.23667242181885956	0.003831129202092258	0.0036282219534848168	0.0034854575848687975	0.34716301278211875	0.3358320822715881	0.003012749789466086	0.04089361324658752
3.0200578320716117e-7	6.625654001744618e-7	0.0038602589412300866	1.2726205524521636e-7	0.27850669170837367	1.179003616280435e-7	1.1123586980926948e-7	0.694490992636307	1.0001903304744045e-7	0.023140390793379803
1.9582616690731257e-7	2.3286734922557756e-7	1.382346381274046e-7	1.2031743557472162e-7	2.0849813089852297e-6	0.9663312422688476	1.0242245784067901e-7	1.0109053982972287e-7	6.217795694163594e-7	0.03366495902634023
9.810788133904023e-7	8.45017881997609e-7	5.697214030018597e-7	2.1018257114528803e-6	4.748563956011132e-7	4.454187122814794e-7	0.0033293426327838287	0.996655424025442	8.308422723903305e-6	6.088610468522212e-7
0.06772790107978895	0.05775039037874341	0.13687243157391157	0.2515459750839816	0.07292943569635453	0.09887415842849691	0.0855393045291895	0.06242590728221166	0.05614963838859791	0.035436434954777364
0.08305869176070875	0.09124728583778627	0.09286848872201793	0.055125848418907455	0.07608569482576355	0.09938973005881892	0.08566840541277224	0.06944722597648609	0.06526955475788834	0.19947232253435315

J
-197.38890905238242	11.838237944562726	8.627733163212552	5.552290999823661	26.875834047560748	8.216337786847564	16.647689418319253	24.817073275473224	12.284692888845322	17.474522966985763
-9.607634781329468	123.64306110482804	30.78769617834302	-23.075538065601346	150.62126221248678	-160.62741692570458	155.76780344210388	-198.1977508656652	34.873861950576966	-31.616140804425893
25.9463258177628	49.46658606011764	-32.547978386424745	79.85199507896202	-10.791161998029022	300.9559876985574	0.21426348369090917	-7.961807121529728	-43.16214182321515	48.482497306091666
8.971307075790117	-9.413314289832806	-3.7083102233244314	55.24342267881838	-4.309548617041805	-3.87334149886937	-2.8684684943038055	-7.460663362629048	-15.907009733638153	31.904036140859468
