=== Resultados da otimização (versão simétrica) ===
Status: OTHER_LIMIT

=== Matriz F (Poliedro) ===
0.0045937658905031405	0.005265935698278693	-0.0001831912068949287	0.0004235196671852721
-0.387546504750536	-0.5399597613753225	0.022916989629361034	5.2632483231774e-7
-0.0003813758632262442	-0.0005314200553276358	-0.003312302393793111	-3.1723577713463345e-6
0.06687825912156184	0.09209951632824671	-0.003974728008497188	-0.0022411340266554804
0.0015400828233313225	0.005945863335077955	-0.0001727609426690916	-0.00029480032254931474
0.0899212063463028	0.12540839471364143	-0.005429350220208652	-0.0015275663666760966
-0.0012763052664025512	-0.015550653533011688	0.0009804315309843705	-6.576693781396904e-5
0.0394645369173265	0.05390327965869691	-0.002151623774364355	-0.0032921537449794166
0.015114977636432535	0.20710588850530953	-0.006722848765565407	-4.175688606721699e-6
-0.0013851902403216466	-0.025628212657826048	0.0008245513614762111	-0.0002658240934445424
-4.609924899362604e-7	9.888944152307318e-6	9.914638714003359e-6	0.06532529983823963
-0.005905957120934324	0.016152942890900142	-0.00044524206790640114	-6.23065703604069e-5

=== Matriz G (Ganho do controlador) ===3
-1.9834694776984396	-2.7620086000838957	0.1188859457437794	0.14593568267190546

=== Matriz K (Variável auxiliar) ===
-0.3893470672418082	-0.4997814295217101	0.021407272828767403	0.028131866819079872
-0.006082944734301189	-0.0016315059968675166	-0.0009825226818791534	-0.0010351255999572473
0.021643237794729334	0.336717366179457	-0.04787538093620593	-0.04863952844707654
-5.145778284280856e-6	-4.985555912293233e-5	-2.88657413843465e-5	-2.8584106933102055e-5

=== Matriz J (Pseudo inversa) ===
176.04009319197155	18.393457502321443	35.34030982146787	24.79207048912235	134.3347415684584	15.661609834629532	239.32271495525046	26.33271035271016	532.9484319443836	3978.428859623371	18.34830345365199	-132.3222275284889
-4.076393806100896	-146.03382719318643	-92.33986851716217	-210.25196588307566	-38.12190959955244	-206.58832645891565	-459.01057959186215	-418.2184131644194	-166.14676133160523	-82.75021163176221	-33.174848742011754	948.0425507261316
-641.8565049977886	181.49859309487718	583.6133983973067	321.8826087004718	898.0703199397516	285.83221759407814	6116.305928126614	262.442763494495	785.9559652745584	758.7896849320066	46.629404660101166	-1950.2859190817853
22.23825278878361	934.6681582061766	-1.6844415705469666	1826.2771958067997	-216.6596892108727	1920.4652379956228	110.85804077096181	1653.7242906681065	76.67532251366382	95.1472005470838	205.3474373227962	-250.66771588000648

=== Matriz H (Farkas - diferença Hp - Hm) ===
0.00019337535786383316	-0.006860495276650679	-0.014684014277339091	0.000941640694634524	0.00017803033855550918	0.0012113647005800813	0.002364290555125695	0.0007357750839209892	-0.005338887936574822	0.0006638801828572002	0.003970809653190211	-0.0011090466569393352
-7.639251782089148e-10	0.6131978765151204	-3.32829373047339e-8	-2.2704011556714396e-8	1.9025610365501595e-9	-2.825049174251327e-8	-2.9924486395341663e-9	-1.4365006535181418e-8	5.970350128500039e-7	-1.343091517930699e-8	3.771378978039065e-7	1.5146716882870877e-8
-1.6955489434010453e-8	3.8480675244663575e-7	0.9328649812317789	-6.609269747153433e-8	-1.9862941003661613e-9	-1.0653991165251785e-7	-6.205107157041528e-8	-1.8993835480891522e-8	0.003457009024548392	-3.171343993114646e-8	-0.022983533609115408	5.208566762308325e-8
-0.0003410805495464436	-0.10512841786851239	0.015007760118254094	0.0017764160124778628	-0.00014008058777138094	0.0014757312081138093	-0.001916903851438145	0.001875994582687418	-0.005410746727097496	0.000523221458462576	-0.01708130955884865	-5.052181922421059e-5
0.00012181528247697145	-0.0018189235960374452	-0.01056989453465859	0.0002471034358290814	0.0003504750338572931	0.0003396164759804105	0.00014926260778758485	0.0003634504059981201	0.018540353984594866	-0.0019694167837627456	-0.002850935937947531	0.0018014574645587658
-0.0012147324401362795	-0.142157991264985	0.03004767381914398	0.0006655771847660034	0.0005187890354062669	-0.0012939032650476747	-0.006215616360738214	0.003732694714950702	-0.0002582617753299314	-0.0010812024637423248	-0.012282375945291633	0.003005283629943332
0.00035675271384023616	0.0003084548169492163	-0.1338210345775757	-0.00027876763119154095	5.2854500598406226e-5	4.596993745237775e-5	0.005061981576289822	-0.0006273691280888503	-0.0684744767603098	0.002555771922864849	0.00592694632384397	-0.003410337927441336
0.001450883147941378	-0.06040079301898969	-0.041551101648387816	0.003824774304530261	-0.001082507694570676	0.006607539240492945	0.006324989068584536	-0.0013696769593637336	-0.004257246858192003	0.0019630899180250313	-0.023711115141575496	-0.004302776724088066
-1.2834814604463658e-9	-2.431221722553411e-7	1.9186866510699817e-8	4.924517883840306e-8	1.3912757442963628e-8	6.515281442203746e-8	-2.7774605313349217e-8	3.7104284722321385e-8	0.9337881280223044	-4.1242454830571734e-8	-0.0431600531677697	4.01123111466889e-8
-2.911527162830635e-5	-0.0007375765496693502	2.0612212508533054e-5	0.00015428900953113125	-0.000207453623393793	0.00026405405355318587	0.0012600790409937647	-0.00021709902410672194	-0.11823250536983596	0.002299493541259531	0.003472926487875099	-0.0024627406914086098
8.288717773513275e-10	4.3785499228754656e-8	-3.9157315578747115e-8	-8.913735097156541e-9	-1.2439241664054425e-9	-1.0626742912038546e-8	7.36791429107506e-9	-7.019584062457734e-9	-1.5712294683781364e-7	5.413825624592929e-9	0.5000341700929319	-5.877899004860183e-9
0.0003546425769494037	0.011772707624898258	0.008729332451290407	-0.001354613186797561	-0.00037759831835965443	-0.0009004458000761318	1.9459717420830525e-5	-0.0023561809478214353	0.12211515820347912	-0.0012576693871192215	-0.006539077097264825	0.0009133114816484243

=== Matriz L (Farkas - diferença Lp - Lm) ===
5.712899069079333e-6	4.178905541574532e-6	-0.000573693651666686	1.415654344690681e-6	-4.460782968550639e-6	1.2469342661212968e-5	0.00014079012159359978	-1.959737256931708e-5	-0.0008951134900526958	0.00011396139766417165	3.9414157535083705e-5	-0.00013762080875181354
-3.096093501671181e-10	4.956351906849118e-8	-4.027203961368092e-8	-9.932369049216695e-9	2.6321055547027234e-9	-1.1768277359216765e-8	-2.728012235602122e-9	-5.275737735925365e-9	0.0703788163257404	-1.4082438468965658e-8	4.604656840084132e-8	1.483656794557781e-8
-1.4168121402795388e-8	2.7418426663901097e-7	0.02256643545894818	-4.061935997285329e-8	1.5001434970567173e-9	-6.684606230773405e-8	-6.290881848949997e-8	-7.811996147390327e-9	0.005554018147545048	-3.155300915243644e-8	-0.0024444355575154865	4.7624939085035115e-8
-2.4381107418668113e-5	4.802792198647758e-5	0.0007620650515352909	6.576397171399219e-5	-0.00011066130833635619	9.999121233222712e-5	0.0004963926671835896	-9.856271867011643e-5	-0.011746328639628021	0.0010892685851161994	-3.795271525315613e-5	-0.0011427379474437558
8.892340045835168e-7	1.1756961000412847e-6	-0.0003707999353787794	-6.470113963173707e-8	1.946275975266143e-6	4.947940072316803e-6	6.843597886204734e-5	-1.0953765594998166e-5	-0.0002689813452178263	3.4303503941167726e-5	2.695522248734837e-5	-4.819624539000554e-5
-3.6340527614303966e-5	4.7930963207681865e-5	0.0013925070130853985	6.831632280470887e-5	-0.00011463313026950032	7.156286409756678e-5	0.00044995772704807535	-4.641454025345118e-5	-0.01581142622057221	0.0011596301423637892	-7.596192680828836e-5	-0.0011890833505267644
2.7853492232794014e-5	-5.917229121603015e-6	-0.005256823725408775	-3.990062311603863e-5	7.516171152694741e-5	-4.008779641056365e-6	0.000693782179615807	-3.636553014956141e-5	-0.0006640893050632174	8.450003427326949e-5	0.0003512891791120033	-0.00021352075803091758
3.0114058339239178e-5	4.254876604902792e-5	-0.0014793833275607883	4.84784201683075e-5	-0.0001055803551759122	0.00013855683128200652	0.0006970566286242479	-0.00019369309062552964	-0.007128206742276965	0.0008929549991801089	0.00010665125657787801	-0.001015220774144135
-2.580798842320741e-9	-7.395581311275257e-8	3.333026940477284e-8	1.623224521768609e-8	1.0942154915775914e-8	2.304825209595893e-8	-2.858371315137133e-8	1.3034287143127993e-8	3.616442769158105e-7	-4.0274394190830654e-8	-1.6295780233397582e-7	4.1726944522006734e-8
1.228589482128728e-6	-1.512563141854717e-7	-0.0001779575273161884	1.0552535426380794e-7	-2.4643081592869154e-6	3.0517260310447547e-7	3.1287732396818174e-5	-2.296138333860581e-6	-9.42375626917704e-5	1.2290759306744087e-5	2.314155834747672e-6	-1.7943077181430817e-5
7.341721523537007e-10	4.9974636799714324e-8	-3.70630807153222e-8	-1.0000082752230996e-8	-1.5659682061856322e-9	-1.2292592113876456e-8	7.665512269301462e-9	-7.631020164691427e-9	-4.438364223337455e-7	6.248514817502134e-9	3.077024020222299e-5	-6.579109605981628e-9
4.511024945360459e-6	-5.146513328046012e-6	0.0004940511179702591	-3.3477711451432995e-6	4.672499182345469e-6	-3.6307800538176727e-6	-0.00016669027044518073	1.3933395769331197e-6	0.0014229293775480378	-0.0001805808183706504	-2.6058313495946894e-5	0.00020186842221778592

=== Matriz M (Farkas - diferença Mp - Mm) ===
-1.1166008416722134e-6	-5.1480257912730684e-5	0.00018570327124534623	4.107796465049884e-6	-6.090020393010459e-6	6.957312516271685e-6	-6.599068087495205e-6	-5.094929630489534e-6	-0.0002676090417051257	3.321584528347826e-5	0.00023551144873180246	-3.2073920649475576e-5
-9.078393447911988e-10	0.004720021781697224	-0.01392955417194423	-1.6291430983127503e-8	4.014192034944824e-9	-2.487681904793258e-8	6.7647204280080525e-9	-9.926878702793766e-10	0.023491760897075446	-1.3882922664143166e-8	-0.019860484432775324	1.5944906186474626e-8
6.38849654816525e-9	-8.273924632064405e-5	-1.321858629796863e-8	5.839679376158353e-8	6.3695317467551414e-9	8.808676943985314e-8	9.694721302528937e-10	2.5808250291440554e-8	-1.1093722814309263e-8	1.8081881863188256e-9	-1.3075535345223853e-10	-1.1634554850975655e-8
-2.559175764824638e-5	-0.0007759674815483366	0.002578056114700155	6.99141428720032e-5	-8.529447599310742e-5	9.819158852686187e-5	-7.58276624764475e-5	-4.405680060581667e-5	-0.003936625072987045	0.00047429828525261813	0.0034320504331027887	-0.000452667338424223
-2.2241377370564586e-7	-1.8683294077278395e-5	6.777003074357954e-5	1.5874073213163753e-6	-1.6340557109223441e-6	3.3683298026158937e-6	-2.412811859090619e-6	-1.984820878379173e-6	-9.799849373796216e-5	1.2157409978655678e-5	7.792506869190585e-5	-1.172389258609352e-5
-2.606156602376168e-5	-0.0010417763711110537	0.00345974576016709	9.930995216853814e-5	-0.00011278065301751662	0.00014664760672004548	-0.0001071212646776452	-6.465743478432668e-5	-0.005303704729817527	0.0006087564742971582	0.004614497668215732	-0.0005863003759275153
-1.4090610515535285e-7	3.309806876341907e-5	2.0022689628024573e-5	-4.296371627691281e-6	1.2955087254403613e-6	-5.625140015549923e-6	-1.0197856138729339e-5	-8.445464052386081e-7	0.00010606901080069397	-1.3325842586800474e-5	-6.54997717567038e-5	1.5078741682755109e-5
-1.8381912893702945e-5	-0.00045371140062562803	0.0015504714571184892	3.9312019891983574e-5	-5.26605881169314e-5	5.820340476791336e-5	-4.5941794445666234e-5	-3.4620878503026364e-5	-0.0023167692271092557	0.000294377598926367	0.002023874917470146	-0.00028073637141123875
8.175527235520831e-9	-0.0002747145271475686	1.5650039615258177e-8	4.6539409995374905e-8	-1.1853241352154578e-8	6.622883782779799e-8	2.2518025487967847e-8	1.5214207206110118e-8	-0.0012796294239105963	4.309856964788786e-8	0.0006964279424683328	-5.3524770914277474e-8
8.857084786862562e-7	2.7332435158164414e-5	-6.772601755419307e-5	-4.147505950145847e-6	3.4383499753157937e-6	-4.630443275198057e-6	-4.560026774583226e-9	5.096471447814388e-8	0.00012947997032264867	-1.6240055696944283e-5	-6.605428119506145e-5	1.5778372495044504e-5
-8.861018174859875e-11	1.22160137069269e-6	4.5766192690792687e-10	-7.607749268068182e-9	-4.4061945677108285e-9	-1.2862342948516057e-8	9.121853840711362e-9	-3.780667017654038e-9	-5.299623864047594e-7	1.5492512678188826e-8	4.605822476336811e-10	-1.4932622179445132e-8
7.488632608135953e-7	5.636572614630547e-5	-0.00021897803570347825	-2.5899196596564783e-6	6.51223249074212e-6	-5.701906891260322e-6	9.039846944669527e-6	6.489842239358265e-6	0.0002978690240378508	-3.6816477577559376e-5	-0.0003078793593360527	3.531956130309148e-5

=== Matriz N (Farkas - diferença Np - Nm) ===
-7.559397072412141e-6	0.0017188758423659287	-0.00017190006629570244	-0.0003286037754574537	-1.8040595831103623e-6	-0.0003699744642945337	1.89508367600226e-5	-0.0002672215425895963	-1.426984823726593e-6	-5.90565417632298e-6	0.0007911413786939291	1.4275678278372061e-5
-3.3794854457012384e-10	-0.1601773377600814	0.014084978848489676	2.413834882415929e-8	-3.4156797481583273e-9	3.05338374563512e-8	-5.290295605522262e-9	1.1660956033981827e-8	-0.00025348783094808806	1.6941543803325118e-8	-0.06990219305192379	-1.7975920421599786e-8
4.82474471965149e-9	-6.475985561083307e-5	-3.8740149448871663e-10	6.748944953180079e-8	1.2707232864897352e-8	9.72083357515801e-8	1.590082072306315e-10	3.986617566963748e-8	-2.5118431513676965e-8	4.1468909049096385e-9	-2.4333905972857156e-7	-1.159155185112478e-8
-8.07185026683397e-5	0.02590163063132441	-0.0025255120369585713	-0.0033291601399424633	1.315226219927336e-5	-0.003843988192040097	0.0002993576379293206	-0.002570764997547487	3.579427424271406e-6	-6.680020044978058e-5	0.011727855626172744	0.00016708814974530917
-3.137865435551626e-6	0.0006016089379447132	-5.9487315304192906e-5	-0.00011491910494245555	-1.816790976565466e-6	-0.00013715994558861216	7.408379462225945e-6	-8.544908566258946e-5	-7.024891434705138e-7	-2.0018045220615566e-6	0.0002776017845006473	7.414728966478185e-6
-6.458934839853516e-5	0.03540934624576591	-0.0034188025568591303	-0.0033893247414837936	1.6139857627424023e-5	-0.003874574603132925	0.00040442169518628644	-0.0026614182193329967	2.7969153681639547e-5	-7.357570159324377e-5	0.015881274821322268	0.00014377459628368665
1.677751460959706e-6	-0.0005813198213887099	5.8763340532685254e-5	0.00011110185228952428	-1.3447303234357527e-6	0.00011692739634583567	-5.508003085909555e-6	9.888543414167048e-5	3.122871575396424e-7	2.1035601085895445e-6	-0.00026683500012054245	-2.2493000671457847e-6
-9.766619133726867e-5	0.014720588205322432	-0.0014626714073369242	-0.0030023960908249657	-5.285517660682387e-6	-0.0035801500339988678	0.0001774110629493269	-0.0021969135392280207	-2.2074652278731427e-5	-5.1872562372134653e-5	0.006816795149624055	0.00020188656573596683
-2.75385110621972e-9	0.0075566168269359055	-1.6153765601254845e-8	-6.788100580488127e-8	6.216368362512439e-11	-8.407627317667617e-8	-8.027806482934705e-9	-4.8147788010534166e-8	1.432553263064237e-7	-1.98634336269127e-8	0.0032623292077707277	2.5475886634664548e-8
2.134293774781401e-6	-0.0006742421845749927	6.754699916603976e-5	0.00012730189164226677	-2.164646514462437e-6	0.0001412385517684748	-7.0153517338095855e-6	0.0001048687863705669	5.683433852519265e-7	2.3899027605626955e-6	-0.00030993295989521774	-5.109567447489707e-6
-5.98841088225691e-11	-1.8820114564364026e-9	3.733164772184494e-11	3.527698648554989e-10	-2.2146983451923296e-10	2.1440071216687537e-10	-3.658968035687334e-10	3.2463637986241984e-10	5.54210518899861e-9	-6.772610923465004e-10	3.013833875522953e-10	6.827032291781409e-10
7.949924519327564e-6	-0.0020663415653514447	0.0002082217402544998	0.0003940720535214239	2.399485765110579e-6	0.00042288092310601225	-2.0931643847985418e-5	0.00034412361594857166	1.064744271564791e-6	7.226900039160322e-6	-0.0009491219339696983	-9.888454804105398e-6

=== Matriz P (Farkas para E - diferença Pp - Pm) ===
0.0015881987558507386	-0.0015881987558507386
3.3569127628901885e-7	-3.3569127628901885e-7
-2.107770448174588e-7	2.107770448174588e-7
-0.00840425263160815	0.00840425263160815
-0.0011055012126068887	0.0011055012126068887
-0.005728373910358662	0.005728373910358662
-0.00024662601765202373	0.00024662601765202373
-0.012345576573530389	0.012345576573530389
-3.1205295728782484e-7	3.1205295728782484e-7
-0.0009968403536346395	0.0009968403536346395
0.2449672786244269	-0.2449672786244269
-0.00023364884010291902	0.00023364884010291902

=== Matriz T (Inclusão em S - diferença Tp - Tm) ===
1.1566881582468855e-8	-0.1911827606023528	-0.3097415038881928	8.773993623570682e-8	-6.014185808435005e-10	1.0003116425318097e-7	9.620770928021469e-8	9.057871660212868e-8	-0.499028034311996	5.7684106935425245e-8	-4.319574084140728e-5	-6.970785183939704e-8
-1.0586687582199127e-6	0.014553068142526326	-0.6260500536747802	-7.01346856800709e-5	1.7549966571168892e-5	-9.114135550193556e-5	-7.54376021096253e-5	-3.389698144557435e-5	0.3581105117757247	-4.47575345485563e-5	-1.4121846836288453e-5	5.600288758897112e-5
-1.1566881571594514e-8	0.19118276060235287	0.30974150388819227	-8.77399361469523e-8	6.014185804908701e-10	-1.0003116415318857e-7	-9.620770918560195e-8	-9.057871650934932e-8	0.4990280343119961	-5.768410687811825e-8	4.3195740845837445e-5	6.970785177068631e-8
8.140745596121491e-7	-0.014563047754314728	0.6260404781355478	5.007309250681573e-5	-7.76925488426582e-6	6.588706833933762e-5	-5.521737924124871e-6	3.151792067221271e-5	-0.3581212218214228	3.251145581258753e-5	1.2657835713844438e-5	-3.44823769004221e-5
1.0957140838206733e-10	0.0009831644935414192	-0.9989695060823118	-8.113300663589038e-9	1.1991427294589461e-10	-1.3519461930416482e-8	1.1567780474045932e-8	7.130306828902879e-11	-4.457491549457348e-8	5.362463681284843e-9	-4.700679686366738e-5	-4.6321053273205615e-9
-1.0957140782285684e-10	-0.000983164493541708	0.9989695060823104	8.113300663433953e-9	-1.1991427905974865e-10	1.3519461926939732e-8	-1.1567780462756282e-8	-7.130306893497744e-11	4.4574915341176497e-8	-5.362463664724975e-9	4.7006796863722276e-5	4.632105309884924e-9
-0.00014370211820288747	-0.00036437170256905377	0.0009171181086630661	-0.0006855028008148009	-0.00022592274508676652	-0.0005925912149759571	-5.183735261878042e-6	-0.0011021225222317375	6.212435844979436e-5	0.0002679691016257285	0.30606784774411666	-0.00039632496218899513
0.0001437021182029083	0.0003643717025690503	-0.0009171181086630592	0.0006855028008148009	0.00022592274508677346	0.0005925912149759571	5.183735261871103e-6	0.0011021225222317271	-6.21243584498013e-5	-0.00026796910162573545	-0.30606784774411666	0.00039632496218900554

=== Matriz Z (diferença Zp - Zm) ===
0.03445324414752804	0.03949451773908663	-0.03445324414752804	-0.03949451773908663	-0.027478692438904773	0.027478692438904773	0.01058799162481705	-0.01058799162481705
-2.9065987899156482	-4.049698223415646	2.906598789915705	4.049698223415646	3.4375530003898405	-3.4375530003898405	1.3158139836377813e-5	-1.3158139836377813e-5
-0.0028603189800264772	-0.0039856504303941165	0.0028603189800264772	0.0039856504303941165	-0.49684534728291396	0.49684534728291396	-7.9308945998946e-5	7.9308945998946e-5
0.5015869441890857	0.6907463747619147	-0.5015869441890857	-0.6907463747619147	-0.5962099870488089	0.5962099870488089	-0.05602835081415947	0.05602835081415947
0.011550621006136907	0.04459397471981674	-0.011550621006136907	-0.04459397471981674	-0.025914039555402724	0.025914039555402724	-0.007370008043409371	0.007370008043409371
0.6744090483043124	0.9405629628012093	-0.6744090483043124	-0.9405629628012377	-0.8144033944517446	0.8144033944517446	-0.03818915935707423	0.03818915935707423
-0.009572289471577733	-0.11662990165879705	0.009572289471577733	0.11662990165879705	0.1470647883510594	-0.1470647883510594	-0.0016441734289571741	0.0016441734289571741
0.2959840275975978	0.4042745993118899	-0.2959840275975978	-0.4042745993118899	-0.3227442264964111	0.3227442264964111	-0.08230384368457067	0.08230384368457067
0.11336233248812277	1.5532941671112894	-0.11336233248812277	-1.5532941671112326	-1.0084285442054295	1.0084285442054295	-0.00010439256118388585	0.00010439256118388585
-0.010388926817313404	-0.19221159532557408	0.010388926817313404	0.19221159532563092	0.12368285011288549	-0.12368285011288549	-0.006645602304303111	0.006645602304303111
-3.4574711094137456e-6	7.416738634447029e-5	3.4574711094137456e-6	-7.416738634447029e-5	0.0014871401721165967	-0.0014871401721165967	1.6331324995525165	-1.6331324995525165
-0.04429467838360779	0.12114707200032626	0.04429467838360779	-0.12114707200032626	-0.06678643271146711	0.06678643271146711	-0.0015576589473482727	0.0015576589473482727

=== Valores de H em valor absoluto (Hp + Hm) ===
0.019424736031817075	0.021018128799466088	0.024699841659356472	0.019458974649716607	0.01942397914341061	0.019493328913636497	0.01954843672857657	0.01943292002270047	0.02057505513246705	0.019441947808574063	0.019901146857433223	0.019466297350369477
5.226417414449471e-8	0.6131978658565437	5.920433928781289e-8	5.624348433670782e-8	5.228045326104571e-8	5.832576116388125e-8	5.255843600974998e-8	5.3941860531838e-8	5.876901181522984e-7	5.3881085831731795e-8	3.701574036218576e-7	5.4170358783529534e-8
-3.16679225826518e-7	-2.4629813679537494e-7	0.9328643438596917	-2.929240600557705e-7	-3.171427123078892e-7	-2.8716059734943606e-7	-3.1291724506108684e-7	-3.0026954434350613e-7	0.003456501348390538	-3.0964774373239396e-7	0.02298289682917082	-3.1147445429136846e-7
0.016436802810829182	0.12047658061426296	0.0193062965886603	0.016915617985460988	0.0164398277966703	0.017001030791569425	0.016468072954397645	0.01672605537157336	0.02133509970444574	0.016515380472100626	0.02596417783732099	0.01652598456101307
0.019181537492679604	0.019455585661498225	0.02770131260271079	0.019188015676027848	0.019193717277073592	0.019191922425603684	0.019318070065999254	0.019217441215466723	0.030404361347880278	0.01934051175223573	0.019713527459252173	0.01935349573995297
0.014469238685358014	0.16162474235079902	0.04097723494298789	0.0148902479791043	0.014460372430548743	0.015069592649218953	0.015176283394549094	0.014827424497890561	0.03994960060708437	0.01473163616345207	0.01744567481535562	0.014953322819676172
0.01593362512670856	0.015681881277467377	0.13917810750915935	0.0159310021992798	0.015936853356993665	0.015917489050892207	0.016530288845833442	0.01594696144152565	0.0735427040412851	0.016160660573525082	0.01728870004644039	0.016282968505543095
0.01607626748010386	0.06550302372698581	0.047282839696782354	0.016583528736134192	0.016067988102211047	0.016813543704858745	0.01715783768437067	0.016603819890150997	0.050055731619248346	0.01645693866786164	0.04251012066751268	0.01679965018070157
-3.141889873246055e-7	-2.983359565803499e-7	-3.1398526499437104e-7	-3.132050138308341e-7	-3.1405417911972123e-7	-3.1288638501261693e-7	-3.135093422617439e-7	-3.136733109016768e-7	0.9337874948730804	-3.129718636448243e-7	0.04315942004583707	-3.1304860065528715e-7
0.01740045187479918	0.01744249256294301	0.017402401609092406	0.01740129032247103	0.017401209626123654	0.01740244987129707	0.017492945773006054	0.017401802282910942	0.12693393584658327	0.01769912161379114	0.01820269768189924	0.017731649310165073
-2.8617581762708982e-8	-3.037241858376502e-8	-1.3639001448161007e-8	-2.8541942932793187e-8	-2.8618294964835516e-8	-2.8415645298039214e-8	-2.8082561058537702e-8	-2.844795329455306e-8	9.343670111180985e-8	-2.8242147202622404e-8	0.5000340865173224	-2.8223654456464855e-8
0.01642100503967465	0.023439181728503143	0.03773041059264277	0.016563415553691098	0.016420882930451675	0.016677859718074083	0.0169534033681309	0.01646648017857463	0.1419371811551492	0.016809589833035023	0.02067681659530559	0.016988572621117137

=== Valores de L em valor absoluto (Lp + Lm) ===
0.019423571457412518	0.01942357740606728	0.01943704258226754	0.01942357079680718	0.019423568535283965	0.01942358516728019	0.019424347283900786	0.019423608442589953	0.01945155673484267	0.019424024152424762	0.019423623728905385	0.019424288544392522
5.226033637123168e-8	7.23174875803004e-8	6.225803557322017e-8	5.338525169035346e-8	5.2298680668959736e-8	5.383738137102457e-8	5.257051622948413e-8	5.268000507053551e-8	0.07037880392919411	5.403851782831186e-8	6.667841243171285e-8	5.414416803503622e-8
-3.166984136138305e-7	-2.1699858753148573e-7	0.022565798088091213	-2.9461476680492635e-7	-3.1693055642653596e-7	-2.884177156093615e-7	-3.128418026693335e-7	-3.012370178911007e-7	0.0055535106065646295	-3.0963329924756333e-7	0.002443798693919665	-3.114348367906495e-7
0.01643622126659768	0.0164347291300313	0.01644091432296018	0.01643629047543607	0.016436538408610313	0.016436467521269947	0.0164549494423614	0.016436524664458222	0.022616377645437256	0.01650940530266322	0.016435947996566298	0.016516039275374494
0.019180898843284996	0.01918104730957284	0.019211035919466983	0.019180913574619554	0.01918090672624434	0.019180917274670715	0.019181738747809984	0.01918091992135204	0.01918729165740818	0.019181008196133123	0.01918102092510849	0.019181129776423243
0.014454681713768286	0.014453480290614508	0.014495981207970708	0.014454893444598868	0.014455479025700439	0.014455743597845959	0.014489087228547503	0.014456347546845588	0.02512423243291486	0.014560572971132467	0.014454566618543996	0.01457635237823808
0.015933072559596653	0.01593284949039634	0.01814999317458046	0.015933089127175927	0.015933886610618134	0.015932910145245296	0.015980877791538388	0.01593304070842392	0.01595447912188551	0.015933338760616405	0.01594260775207422	0.01593649654247511
0.016059390266823757	0.016058351645819785	0.016176619881853014	0.016059247279092227	0.016059163089354928	0.016059065072278483	0.016067919520326667	0.016059243085477227	0.01763475424832297	0.01608823055521117	0.01605983098200582	0.01608808077590573
-3.1418512230808846e-7	-3.1129657365801897e-7	-3.1385709580799603e-7	-3.137908767916283e-7	-3.140946860369842e-7	-3.137281086817459e-7	-3.1360799664517065e-7	-3.140050985788738e-7	-2.591908505731451e-7	-3.13168259506706e-7	-3.114120887852582e-7	-3.131899355248962e-7
0.017400148497868733	0.01740016589930863	0.017400778071475866	0.017400149169485388	0.017400149080701227	0.017400146505920887	0.017400166957413258	0.017400146084334465	0.017400303677429306	0.017400151923260696	0.017400144657142916	0.01740013322926515
-2.8622212212664368e-8	-3.133819933478728e-8	-1.430051606359105e-8	-2.862152587386539e-8	-2.8607836319044953e-8	-2.8536634868984602e-8	-2.8099397200258974e-8	-2.849951247488097e-8	3.7223211255660047e-7	-2.8272994797964073e-8	3.06864446700341e-5	-2.8240494282122715e-8
0.016418944223763183	0.016419109431927363	0.01652480592473831	0.01641896126135281	0.016418932760382615	0.01641902429120099	0.016424582611136336	0.016419145592546903	0.016570573370419412	0.016421436860254483	0.016418975979300456	0.016423080389120454

=== Valores de M em valor absoluto (Mp + Mm) ===
0.0194235696995491	0.019423658992703603	0.01942470585726131	0.0194235700816635	0.019423570812021198	0.01942357099110749	0.01942357142042421	0.0194235709568649	0.01942578106027279	0.019423603435993784	0.019425966455242652	0.019423600960448748
5.227564873729351e-8	0.004720013232529359	0.013929541823975017	5.501661087744869e-8	5.235577854029647e-8	5.7929649724328135e-8	5.306659594834057e-8	5.2663187626652236e-8	0.023491748434928805	5.423608538038238e-8	0.019860472119624436	5.455504894736227e-8
-3.1761260860125324e-7	8.210171326186104e-5	-3.1768975714935525e-7	-3.1380456537801096e-7	-3.171700722350225e-7	-3.135971813592742e-7	-3.173934192716347e-7	-3.1459581780721053e-7	-3.1523764566597896e-7	-3.173541241567708e-7	-3.174588922850828e-7	-3.1723348654479733e-7
0.016436191201816282	0.016478383361975442	0.016787683469812274	0.016436204185580804	0.016436487841213446	0.016436369611244332	0.016436668223110337	0.016436689814723564	0.017157158255206823	0.01644704821148726	0.017450337319451784	0.0164458233991147
0.019180897160826077	0.01918103718958912	0.01918120595324615	0.0191809089803747	0.019180897406494077	0.019180910437762513	0.01918089985638249	0.01918090643243515	0.019181376245181552	0.01918090805111925	0.019181283220030414	0.019180906599394348
0.014454675701129491	0.014532963336984818	0.015191041039458945	0.014455020393350806	0.014455377084808157	0.014455586763507012	0.014455673586580054	0.014455433627741963	0.015977661636897962	0.014476465576651058	0.01622023436451096	0.014474543869535287
0.01593304142968698	0.01593328729023151	0.01593296316023495	0.015933041228802684	0.01593304146978279	0.01593304323427877	0.015933048813609206	0.015933040641803058	0.01593375164031026	0.0159330499795217	0.015933256156320835	0.015933055581644002
0.01605930703092516	0.016070060521875245	0.016101262068310314	0.016059317751275733	0.01605929129149951	0.016059258026279503	0.016059447348275552	0.016059706157766095	0.016123126718082574	0.01606069380902487	0.01639050606595011	0.016060259225291574
-3.1420178649498696e-7	0.0002740982902683206	-3.140698321985868e-7	-3.1255763792641e-7	-3.1418875646134864e-7	-3.1178588053909264e-7	-3.1298332944321925e-7	-3.1346883272123983e-7	0.0012789962717034429	-3.120137592363928e-7	0.000695794843110119	-3.1206345327154863e-7
0.017400149286066723	0.017401272109876662	0.01740081588963978	0.017400202890100518	0.017400150092279375	0.017400209930261486	0.01740015823058185	0.017400195840000972	0.01740181218737353	0.017400189401741074	0.01740093503078923	0.017400186121513055
-2.867290996552773e-8	1.1529032332148937e-6	-2.8677089279510167e-8	-2.8054431022388467e-8	-2.855983125013041e-8	-2.763410533491147e-8	-2.7865329611892588e-8	-2.8400283163516713e-8	3.9822683895018383e-7	-2.7159536886784548e-8	-2.8566276344400342e-8	-2.7343339863877575e-8
0.01641893624151726	0.016419727739330932	0.01642171581254811	0.016418967366749262	0.016418938504485198	0.016418973514028212	0.016418949868352583	0.016418970881390278	0.01642227572994256	0.016418993851425638	0.01642419504018839	0.0164189893238062

=== Valores de N em valor absoluto (Np + Nm) ===
0.019423570865881444	0.019510967738439546	0.019424566906300726	0.01942679595948315	0.019423569732456236	0.019427457560845504	0.019423581181915187	0.01942586676879399	0.019423573833185527	0.01942357072258969	0.019443223284225035	0.019423573312571312
5.2268821049173845e-8	0.16017732928152692	0.014084966495178809	5.7291732823236974e-8	5.2317220184352256e-8	6.016783908791528e-8	5.304727001011351e-8	5.3678407190439655e-8	0.0002534606706212875	5.454031672285839e-8	0.06990218072463268	5.4651772880135404e-8
-3.1768392766163456e-7	6.412230398435813e-5	-3.1768904260664076e-7	-3.1218401181862116e-7	-3.169231058075549e-7	-3.115459960477319e-7	-3.1588276987679565e-7	-3.1386637403147783e-7	-2.9042549051677447e-7	-3.143619714955265e-7	-3.161859277936016e-7	-3.146980228883747e-7
0.016436236756320423	0.03236082189987056	0.016759280303954124	0.016827499196933694	0.016436365688078963	0.016897215134516808	0.01644004625258729	0.016712086145647308	0.016438896034753923	0.016436546842506148	0.021481589628739573	0.016436678167799285
0.019180897401549442	0.01920072183783867	0.019181224630956208	0.0191816439046638	0.019180897380615333	0.019181759857821914	0.01918090156498649	0.01918146369430585	0.019180900890118393	0.019180897870915842	0.019184756310640153	0.01918089807167994
0.014454666532176908	0.04111197670912304	0.015160623961201655	0.01495561943584621	0.01445486080276498	0.015040120134578453	0.014464141877447982	0.01481594520773666	0.014457835800371086	0.01445512472236445	0.02384161375619289	0.014455099437054135
0.01593304163590399	0.015957345644843777	0.015933350792228105	0.01593389886998002	0.015933041741455142	0.015934096257082697	0.01593304534595432	0.01593362980803676	0.015932814103833064	0.015933037097599738	0.01593722062669355	0.015933037784408223
0.016059389486137308	0.02042050736762055	0.016086298201207872	0.01627872218461222	0.016059416872932955	0.016323346618552396	0.016059082582392623	0.01620754087655962	0.016063266332524476	0.016059572216544853	0.016852796919420883	0.016059775801082875
-3.1420098974595797e-7	0.007555987101012433	-3.140780873323464e-7	-3.134356646662353e-7	-3.1412009824252866e-7	-3.1298244305769534e-7	-3.139364704999459e-7	-3.1389221957946177e-7	-3.099811403057549e-7	-3.137861164433328e-7	0.0032616960597064083	-3.1383640225765883e-7
0.017400149429020274	0.017459501333408158	0.01740077991550647	0.017402257705490566	0.01740015085029911	0.017402615445497184	0.01740016026831029	0.017401703608570494	0.017399390196508983	0.01740014254475849	0.01740918887369423	0.0174001422116795
-2.8682164249907325e-8	-2.6951539277542112e-8	-2.868290814027445e-8	-2.855515373493362e-8	-2.8661340495476902e-8	-2.8528137076945945e-8	-2.8589573780117612e-8	-2.860449315053585e-8	-2.7147617784566563e-8	-2.851966746043786e-8	-2.8669297243231995e-8	-2.8528605109812316e-8
0.016418940621827548	0.016614354896862634	0.016421145015509175	0.01642608588144632	0.01641893802154082	0.016428071321299677	0.01641896761614601	0.01642365837311035	0.016418434239773717	0.01641893225106525	0.016458716053207558	0.016418939839757347

=== Valores de P em valor absoluto (Pp + Pm) ===
0.01949550496647337	0.01949550496647337
3.220770770092162e-7	3.220770770092162e-7
-3.152873228475037e-7	-3.152873228475037e-7
0.019628607178276483	0.019628607178276483
0.019235561273182013	0.019235561273182013
0.015162398226969732	0.015162398226969732
0.015951175003293364	0.015951175003293364
0.02507956456339041	0.02507956456339041
-2.7665500462537276e-7	-2.7665500462537276e-7
0.01745282841763337	0.01745282841763337
0.24496719503749936	0.24496719503749936
0.01642666925608289	0.01642666925608289

=== Valores de T em valor absoluto (Tp + Tm) ===
4.228867162848649e-7	0.19118297051580987	0.3097417143144379	4.3976736891253777e-7	4.225686974204418e-7	4.4478616899660814e-7	4.4333664131761823e-7	4.407480901995496e-7	0.4990282442330169	4.302672447601675e-7	4.338167064919249e-5	4.3372398773833025e-7
5.7970790148642895e-5	0.014588770195500284	0.6262577157052982	0.00012400307980077945	7.773826408415173e-5	0.0001783333059666976	7.99599573368452e-5	9.010519134083516e-5	0.35811580371062746	0.0001547279236308485	8.201100513336014e-5	0.00016502547070720099
4.228867158671277e-7	0.19118297051580976	0.30974171431443714	4.3976736847779615e-7	4.2256869700299335e-7	4.4478616855694494e-7	4.4333664087975493e-7	4.4074808976375577e-7	0.4990282442330168	4.3026724433505755e-7	4.338167065352337e-5	4.337239873098593e-7
7.336682810051991e-5	0.01459056423302433	0.6263397810829057	0.00011007398312453975	8.35751853923622e-5	0.00014142242355936614	8.84255411131873e-5	8.462228249621421e-5	0.35819603060154215	0.00010209631973397674	7.030031342416341e-5	0.00010728408768554838
3.261931436605043e-8	0.0009831701747052858	0.9989695033331984	3.4437850167508976e-8	3.263084806338157e-8	3.6354218682135014e-8	3.410600624932225e-8	3.307276303165506e-8	3.6911135556087644e-8	3.318316316918792e-8	4.700391384920246e-5	3.306651981086524e-8
3.261931436510858e-8	0.0009831701747055868	0.998969503333197	3.443785016859256e-8	3.263084806248279e-8	3.6354218682946214e-8	3.4106006243281014e-8	3.307276303124218e-8	3.6911135442284976e-8	3.318316316865381e-8	4.7003913849256864e-5	3.3066519811065324e-8
0.05560158641439264	0.055648966971326645	0.055614263411654756	0.05566801921264444	0.055602172128239036	0.055663516784515595	0.05562861668627307	0.05565485760492722	0.06156511147191489	0.05567258115654156	0.3531023115752855	0.05568046619704638
0.05560158641439263	0.05564896697132665	0.05561426341165477	0.055668019212644436	0.055602172128239036	0.05566351678451562	0.05562861668627307	0.055654857604927235	0.06156511147191489	0.05567258115654158	0.3531023115752855	0.055680466197046384

=== Valores de Z em valor absoluto (Zp + Zm) ===
299.6624913420408	299.6625358316371	299.6624913420408	299.6625358316371	299.66253388941186	299.66253388941186	299.6625322486876	299.6625322486876
299.7907254929437	299.60195563033255	299.7907254929437	299.60195563033255	299.6623254680936	299.6623254680936	299.6623460377905	299.6623460377905
299.66253282868513	299.6624910546211	299.66253282868513	299.6624910546211	299.6625554385961	299.6625554385961	299.66253327838825	299.66253327838825
299.650887688245	299.615519198	299.650887688245	299.615519198	299.6627133040354	299.6627133040354	299.6627108176093	299.6627108176093
299.66248034965224	299.66251461595397	299.66248034965224	299.66251461595397	299.6625320182289	299.6625320182289	299.66253276850966	299.66253276850966
299.6562053222373	299.63451391491617	299.6562053222373	299.63451391491617	299.6626393616982	299.6626393616982	299.6625685680384	299.6625685680384
299.6625749010505	299.6624894851218	299.6625749010505	299.6624894851218	299.66248794312423	299.66248794312423	299.6625328417757	299.6625328417757
299.63651762236407	299.6589860995639	299.63651762236407	299.6589860995639	299.662625715151	299.662625715151	299.662625922805	299.662625922805
299.66336795840806	299.67117868627145	299.66336795840806	299.6711786862715	299.6625066780374	299.6625066780374	299.66250868804366	299.66250868804366
299.66253315198753	299.65240084792936	299.66253315198753	299.65240084792947	299.66256436222125	299.66256436222125	299.662564365997	299.662564365997
299.662534503307	299.6625345234038	299.662534503307	299.6625345234038	299.6625348731808	299.6625348731808	299.6619701508677	299.6619701508677
299.6638521505074	299.7174273150785	299.6638521505074	299.7174273150785	299.6622116517361	299.6622116517361	299.66236095356214	299.66236095356214

