=== Resultados da otimização (versão simétrica) ===
Status: OTHER_LIMIT

=== Matriz F (Poliedro) ===
0.00034801911488616653	0.00013087650375647638	3.861961513149369e-8	5.887603204855427e-7
0.00030565525216431417	0.00026374416830177584	2.005745125613626e-7	1.942517659555739e-7
-0.00046961262079251814	5.7678415120332286e-5	-0.0033363048398155895	-1.5416742441181566e-6
-0.0004753333069119698	-0.0005066373587936434	-4.962576883507215e-7	-2.993407079618066e-8
-4.6211385698740415	-32.28996731794382	0.00033497340664810014	0.00019116207976207985
-6.388700994081716e-5	0.0002711406313569253	7.483047611601935e-7	-3.750481432915718e-7
-4.484360304930636e-5	0.00038893646830087523	4.647705391754121e-7	-9.358774375349853e-7
0.00013851700263986045	0.00015044462239477668	-4.709132052320204e-7	-3.9434828820346675e-7
-7.495140605607555e-8	-1.400379437685331e-7	-2.423158913647529e-9	-1.4800192011847199e-9
9.845447474313395e-5	6.58665661617672e-5	9.793185449342502e-8	1.2913828334311952e-7
0.0002072010573077477	0.00036613580154945313	-6.162937622874514e-7	-6.836685198021223e-7
0.0005441826385341581	-0.0002347101735858536	8.37462147910507e-7	2.739423133965145e-6
-0.000583740385545959	-0.0007397168578521156	5.593713648641424e-8	6.482425266744632e-7
-36.00121617658891	-24.51211492704892	0.0005130042612400949	0.0001376154422996753
-0.000716475469054889	-0.0006682056954703535	5.451847516059902e-7	1.7994522572898362e-7
0.0008388245954428279	0.04331682153176636	-1.6182009532828166e-5	-0.06486162722651617
5.863427434481293e-5	8.473841536120492e-5	2.34986096252754e-7	3.957668672355597e-8
-0.0001834286911294014	0.00010624292594528959	1.7634394974365526e-7	-7.410659575051938e-7
0.00047502425447874927	0.00029977897437272156	-4.33393818335041e-7	1.4047193687720222e-7
-0.00026341025502152245	-0.00024280358189329924	-1.4238210820769386e-7	-2.413035321216328e-8

=== Matriz G (Ganho do controlador) ===
-1.103728943962174	-0.72420175471847	1.687327274611098e-5	2.47546160795698e-5

=== Matriz K (Variável auxiliar) ===
-0.21802549258681472	-0.13393748133610375	3.0497935124727327e-6	4.196843967613216e-6
-0.0038682363663751444	-0.005003093676578682	-1.232099909268995e-7	4.0118724986224193e-7
0.020456475697303876	0.16622643581545393	-0.023213042931934796	-0.023213902228171452
-0.0013746585207798415	0.01916151699318866	-5.871268909754123e-5	-5.964119352322554e-5

=== Matriz J (Pseudo inversa) ===
164.8564343669702	32.3668450010192	0.27600162193619737	714.7266742477508	-0.019556370886205623	718.8522681145016	-232.09332320106634	-583.814278917693	-2.195486842323413	-8.421675116526455	786.6237273712308	1643.2085182693982	903.5634375774049	-0.01629544216135073	-496.4131597241149	0.0783390638662957	-97.75422954203293	-569.3741882436543	-251.38742717613846	577.0151746356729
126.02575821184811	-457.523575958763	0.003821461485941686	1155.198080509303	-0.1509251189788396	-1175.2983044640348	-1561.523901201052	-225.13294783178964	0.782002821363109	-90.64706005241258	-714.4996608366416	1646.211678546968	1665.3690237804008	-0.023422345537246796	965.885200994723	0.13365840900940676	-263.5064257322565	-763.4831550189041	-168.8206103726292	488.6673311612438
80.21974581783445	-28.114196436193797	-300.0322785188081	584.8624273398129	-0.014964765236240534	189.64992179800626	-226.1144402020206	-93.61936065632096	-0.19766671610843506	-45.42785993806356	920.7684432722632	437.7261428194714	350.1613216813551	0.01923818044016766	-737.7925070249555	0.02471135146826783	-158.31489494123926	-380.6053926001246	102.41743250915404	386.3003790012445
-1333.0899082814453	-686.3229094700565	0.023526940344158163	900.9066830323598	0.07396710679549842	1423.8221107462853	1513.8806502714756	-346.07241181474626	-0.6056635833226847	-289.4665829000557	323.7270485084798	-3260.814616670222	726.4399425123096	-0.1644134107423029	1361.0042901089505	-15.608016458266226	-34.658732664429714	1196.4505535965889	-1519.553128756107	672.0642186700587

=== Matriz H (Farkas - diferença Hp - Hm) ===
7.770089467673547e-10	3.622371244106637e-9	-1.2458400254335665e-5	-9.020202659457133e-9	3.4489389544034577e-6	1.2827798182186989e-8	8.154763493813111e-9	-7.980207018636054e-9	-4.167456310599782e-11	1.749990214371111e-9	-1.0739601740035465e-8	1.4327244847976706e-8	4.6400944458263593e-10	-7.784380768346803e-6	9.246771676477139e-9	-4.870311077576593e-6	4.141794506321017e-9	3.145594370049243e-9	-7.266037478290133e-9	-2.7411549627376353e-9
3.5905684250478465e-9	2.0424946921282494e-8	-6.0264767829153534e-5	-5.1693412829803553e-8	-1.7762644577241568e-6	7.444550570272213e-8	4.797027472122628e-8	-4.5969028837807013e-8	-2.3961296054947345e-10	9.910180305723604e-9	-6.217620100810312e-8	7.993618748869391e-8	2.796765753883268e-9	-6.338929248283186e-6	5.438929149854249e-8	-3.0223139092606585e-6	2.3889977788550676e-8	1.9093243194823195e-8	-4.2722945075776564e-8	-1.562165761331835e-8
1.8005950167876279e-12	3.687163081655651e-10	0.9588657580257175	-1.2550807591471307e-9	-3.7311926559501847e-6	1.26867732748356e-9	9.95537447863462e-10	-8.345889943990594e-10	-4.4016900361084876e-12	2.0511172843756127e-10	-1.7590749016832084e-9	1.279332243250797e-9	-5.850377657879592e-11	1.580236229267049e-7	1.5455876515182515e-9	0.024464483584468833	5.337041772368879e-10	5.72919904031659e-10	-9.085784969930377e-10	-4.892781762545344e-10
-8.341924213894902e-9	-4.829077057504072e-8	0.00014818567741434023	1.2340296934570255e-7	5.877096755898051e-6	-1.75485511796393e-7	-1.136661919370549e-7	1.086795650973027e-7	5.666390611933081e-10	-2.354050303819688e-8	1.4938207855072494e-7	-1.8865895083392675e-7	-6.281882906217229e-9	9.534948881444183e-6	-1.3073133608640375e-7	3.967715335557835e-6	-5.6851322080553324e-8	-4.587732666243988e-8	1.0143431492578431e-7	3.7740081281455173e-8
1.1183379600875802e-8	1.6404048782558316e-8	-0.00018031429246039373	-3.605622737494008e-8	0.94153483408353	4.057979605402891e-8	1.750169798575064e-8	-3.363293616680707e-8	-1.703587805491815e-10	8.439065249859828e-9	-5.091096641165376e-8	8.836341951694955e-8	8.139364075256377e-9	0.0011805756111347519	3.723438298991791e-8	-0.0006529978402450023	1.6192519726459945e-8	2.291932825167556e-9	-2.3887071818381317e-8	-1.2006056027531959e-8
1.3276939977123481e-8	7.7518737202735e-8	-0.0002200755060025551	-1.9562560574139937e-7	-1.017046945589982e-5	2.8450572145313074e-7	1.8306020220428681e-7	-1.7530815250854648e-7	-9.130664132758759e-10	3.7557067961678514e-8	-2.3509205688589108e-7	3.036687385949907e-7	1.1317412502813429e-8	2.4186459711937613e-6	2.0625603673000287e-7	-2.605242609767487e-6	9.071693497699623e-8	7.261121352363648e-8	-1.630724566943631e-7	-5.862056113269121e-8
8.135874594687731e-9	4.82869759654489e-8	-0.0001373674549713542	-1.2246178733403557e-7	-1.3549763113450755e-5	1.7705365203731643e-7	1.1430836996308841e-7	-1.0914083727314033e-7	-5.68660037461588e-10	2.3437072832824257e-8	-1.4747820605617162e-7	1.886401971139956e-7	6.745743525403414e-9	2.3609119898853823e-6	1.2941271207260463e-7	3.7817622212041324e-6	5.668959055307732e-8	4.568817006146697e-8	-1.0178271119508364e-7	-3.691476860127885e-8
-8.078997042540448e-9	-4.6745421792941666e-8	0.00013738743479965645	1.1820932491538039e-7	-1.797972850719684e-6	-1.7120268040824588e-7	-1.1017342995030266e-7	1.0571926296887302e-7	5.505310426284771e-10	-2.268821536026422e-8	1.4244195040060553e-7	-1.8345700976678952e-7	-6.876101107770871e-9	-2.771848547763675e-6	-1.2493712417231684e-7	6.465374039961967e-6	-5.477517627926892e-8	-4.380565408849957e-8	9.836130603589621e-8	3.5550106195630926e-8
-4.1973795966709915e-11	-2.4269766057960496e-10	7.113263158289862e-7	6.140019352326997e-10	2.8907959715232523e-9	-8.882048586206226e-10	-5.718905835006005e-10	5.483860240906857e-10	2.8561927128967213e-12	-1.1778978747239988e-10	7.396647331084361e-10	-9.5162169030244e-10	-3.509840942189646e-11	1.2921483423175562e-9	-6.48423276877752e-10	2.919389362719682e-8	-2.843500226945572e-10	-2.2754525087070876e-10	5.102347043137168e-10	1.848558537145828e-10
1.6814111405277776e-9	9.589714680333095e-9	-2.914271123729932e-5	-2.437189295604464e-8	4.3963983914312166e-8	3.489739424950705e-8	2.2523112088064512e-8	-2.1594824652429456e-8	-1.125495955114908e-10	4.664611103627481e-9	-2.942354000376457e-8	3.755944362471286e-8	1.3087847984191714e-9	-2.1054834100460093e-6	2.574831296266178e-8	-1.7302303930892896e-6	1.125017166751785e-8	9.015887128885347e-9	-2.010154746996673e-8	-7.40453117743789e-9
-9.464765486980053e-9	-5.508542229217678e-8	0.00017951335944758548	1.4168607318995607e-7	-7.249291735765724e-6	-1.9990599077913257e-7	-1.2970280660346695e-7	1.2428517016677826e-7	6.476105996952586e-10	-2.6978989819091692e-8	1.7304519377148164e-7	-2.1584625631895088e-7	-7.3515760423692456e-9	-3.673932963877205e-6	-1.513623958783808e-7	9.751164351799214e-6	-6.521944118011852e-8	-5.282511112651017e-8	1.1633335208864615e-7	4.364710678040479e-8
1.445468905247188e-8	8.095352547164703e-8	-0.00024613990402349347	-2.0433340343264245e-7	1.9570127099955564e-5	2.9525066621346324e-7	1.89622409892988e-7	-1.826254650803827e-7	-9.511225375000154e-10	3.928774143079766e-8	-2.4612789770867005e-7	3.184617515684246e-7	1.1920438349952156e-8	-1.3636601615026923e-5	2.1543709059507893e-7	-2.7299337258109187e-5	9.460414129511263e-8	7.511181058812016e-8	-1.694562168580785e-7	-6.15294397108071e-8
7.5423005167774e-10	4.242144629497402e-9	-1.2958811724971507e-5	-1.0286305240740645e-8	1.1007543258365754e-5	1.6118250207620977e-8	1.0005098583822092e-8	-9.977559622259546e-9	-5.1431564736248436e-11	2.0431499148793053e-9	-1.244849504034029e-8	1.7435291575079725e-8	1.1674033684183627e-9	1.1319525808687475e-5	1.110661305460392e-8	-5.283805985275072e-6	4.924607690387495e-9	3.725545156228749e-9	-9.174990142635231e-9	-2.853016526152552e-9
-1.500089404874328e-8	3.7275698887154554e-9	-8.176030337279461e-5	-1.8605963326241357e-8	-0.0028478524754290465	7.69066512432354e-8	4.99101840521635e-8	-4.6856636440892677e-8	-2.0953343660840007e-10	3.278363563908801e-9	-4.865814195466854e-8	3.604659284332356e-8	2.805471113092369e-8	0.7686385016575614	7.015228776726702e-8	-0.0007176523694850041	1.699751174934292e-8	2.5742281149700348e-8	-5.971463960688459e-8	2.5233005313029036e-9
8.268350352481912e-9	4.897599731410601e-8	-0.0001566239819045072	-1.259066610796722e-7	5.7708009996090825e-6	1.7836236119225107e-7	1.1571113309963993e-7	-1.1083106240313695e-7	-5.772384801053243e-10	2.3978497827939482e-8	-1.5367473740843934e-7	1.920133967589499e-7	6.785567718825547e-9	1.469589335171672e-5	1.348031277177003e-7	-5.26540463843643e-6	5.804456125555607e-8	4.709553372977959e-8	-1.0383309637183175e-7	-3.865535244153284e-8
-1.560116767964823e-10	6.73506174756703e-9	0.00026118925513316394	-2.3076485421967224e-8	-0.0006035428032413133	2.379308822671854e-8	1.867078517534062e-8	-1.5566891552577797e-8	-8.185548432342417e-11	3.7578143189514606e-9	-3.249237187150253e-8	2.334191770281094e-8	-9.10775143777998e-10	3.451902281779147e-5	2.8811616442127737e-8	0.5000546747959296	9.880799649482014e-9	1.0759251796787437e-8	-1.7090092432081954e-8	-8.924311114576265e-9
3.96275837231258e-9	2.303006056345036e-8	-6.933493214958484e-5	-5.863176393439834e-8	-1.4443708954200302e-6	8.399868409777328e-8	5.4277151195422646e-8	-5.196194876981586e-8	-2.707662739853678e-10	1.1209532475853212e-8	-7.087489800779168e-8	9.014233591855825e-8	3.1676346753939377e-9	-1.101138383028874e-6	6.210768088189822e-8	-2.0429013729717643e-6	2.7077462693043952e-8	2.17908345733972e-8	-4.8456172368864514e-8	-1.781304232242875e-8
2.825099535384845e-9	1.7437448799131894e-8	-5.1697492893651095e-5	-4.487148605458735e-8	-7.475777104557629e-6	6.375528548759751e-8	4.150130858415757e-8	-3.9439298456407645e-8	-2.055699803091282e-10	8.520434148159839e-9	-5.452461049847146e-8	6.787552018789472e-8	2.254884032965032e-9	4.689049363499828e-6	4.790850619603576e-8	4.4287517758853645e-6	2.068151819072106e-8	1.694045796002408e-8	-3.703781340912843e-8	-1.3755638675859438e-8
-7.200063062255679e-9	-4.2522272487854895e-8	0.0001252527995101128	1.0794635672221192e-7	8.007389290208555e-7	-1.5592161573593083e-7	-1.0056521945051022e-7	9.633163058388183e-8	5.015844172298611e-10	-2.0674609062937277e-8	1.3044976259011382e-7	-1.6673432917408554e-7	-6.229341911224984e-9	-1.0222532683934124e-5	-1.1455319842354483e-7	2.020650356210872e-6	-5.0002211974230215e-8	-4.0224861177183546e-8	8.985843452744696e-8	3.256129174362271e-8
-2.2609164835457607e-9	-1.305113328780444e-8	4.312301544669248e-5	3.383807998646321e-8	2.0301058051060833e-6	-4.693247271543577e-8	-3.064409517024996e-8	2.9229208562200903e-8	1.5257151358277765e-10	-6.406953925730541e-9	4.1292249152932725e-8	-5.0815749937788146e-8	-1.4674177697612811e-9	5.411293777520844e-6	-3.606869917321953e-8	1.2821950803416568e-6	-1.547855895366046e-8	-1.2621702938885038e-8	2.7399951283563206e-8	1.0578268698491211e-8

=== Matriz L (Farkas - diferença Lp - Lm) ===
1.84456642668418e-11	1.0464408766591715e-10	-2.8599185094950463e-7	-2.6691441071258204e-10	9.8190096107717e-8	3.8082771224717815e-10	2.455180390589784e-10	-2.3672969400728716e-10	-1.2320700015777675e-12	5.1078587540165366e-11	-3.229294019690965e-10	4.127188209246402e-10	1.5579278318800238e-11	-8.372893638836088e-9	2.8462805896911636e-10	-1.5925834009195006e-8	1.2320529926140855e-10	9.851255141496429e-11	-2.2057151157633959e-10	-8.131844937003807e-11
1.0136366572488509e-10	5.943312482784013e-10	-1.3200037380914006e-6	-1.5281481028500687e-9	7.412000292781468e-8	2.1566203458472932e-9	1.4013415974498122e-9	-1.3381922098210097e-9	-6.976928583479758e-12	2.9062265701623735e-10	-1.8595991170544668e-9	2.3201316779256076e-9	7.528649231813844e-11	-6.5964527009090834e-9	1.6267842533126964e-9	-6.739134832036558e-8	7.027785410909648e-10	5.705989248802612e-10	-1.2525967190563092e-9	-4.706485617900213e-10
4.650720727132995e-12	3.720459994837927e-10	0.005398439248320209	-1.2614811103185488e-9	-1.5836105419929356e-5	1.2704722381322246e-9	9.974076104008332e-10	-8.343832812079032e-10	-4.408567734105417e-12	2.0627035319441732e-10	-1.7593607422889506e-9	1.2845922736895837e-9	-6.450694209958647e-11	7.763513000526512e-8	1.5411438383928568e-9	0.001143144957664539	5.350769611042595e-10	5.726240213753534e-10	-9.056963660124431e-10	-4.924775041914503e-10
-2.2654641444047607e-10	-1.3469484494779693e-9	3.151453124327838e-6	3.5331189163559373e-9	-1.0754618801241123e-7	-4.835340366819707e-9	-3.1766244894954054e-9	3.0216909373964596e-9	1.5771996556002144e-11	-6.648465484745958e-10	4.334939371006263e-9	-5.237315209988269e-9	-1.4444963714749237e-10	9.6621964847457e-9	-3.801969989704335e-9	1.5975425624124157e-7	-1.6106364566711995e-9	-1.3287525402888578e-9	2.848125636376042e-9	1.1179414616258043e-9
9.609201558400228e-9	1.723690112168173e-8	-0.00020190693133216532	-3.891261444552321e-8	0.001282771466239164	4.51806738461678e-8	2.3716434002844745e-8	-3.287576104163653e-8	-1.7195706338880845e-10	8.44279334627756e-9	-4.805153389132754e-8	7.963266497934877e-8	3.128742996589629e-9	-2.766186865569073e-5	3.489198861843191e-8	-0.00023181918146395418	1.6920234359262378e-8	5.789154068858117e-9	-2.4338887834215702e-8	-1.3061488864606324e-8
3.926937438419875e-10	2.2952535904882665e-9	-4.881737802935049e-6	-5.845525480330238e-9	-4.001739814518679e-8	8.370766807139218e-9	5.414097941670859e-9	-5.174892082557281e-9	-2.697267322687713e-11	1.1172389610680789e-9	-7.0939190008334485e-9	8.967396840711683e-9	3.077730908671028e-10	3.051815541596503e-9	6.1863340882276074e-9	-2.4708895020927185e-7	2.6999662497070864e-9	2.1777108154957814e-9	-4.829526449763588e-9	-1.7766576933600509e-9
2.3978485516606973e-10	1.412862085138633e-9	-2.9858972432957737e-6	-3.630552012669208e-9	-4.561271701574582e-8	5.129612129159411e-9	3.3343480945052795e-9	-3.17960040588372e-9	-1.658227721801353e-11	6.904169822657957e-10	-4.417663498033908e-9	5.5070462487080696e-9	1.7597119941759054e-10	3.13847005242035e-9	3.859287647269005e-9	-1.4914346090251496e-7	1.6700281539605566e-9	1.3574623439205347e-9	-2.9766452740165317e-9	-1.1171568115031505e-9
-2.3157364567594207e-10	-1.3546620058341174e-9	3.0406496668335115e-6	3.4718119490406707e-9	2.8396050731280265e-8	-4.923197443468252e-9	-3.193716292294868e-9	3.0517624850789904e-9	1.5909750947229462e-11	-6.614777597196975e-10	4.2208106246222066e-9	-5.2912400086424505e-9	-1.7568003388840348e-10	-2.9383383131145746e-9	-3.6901199916908323e-9	1.5563982834043005e-7	-1.5990830222467611e-9	-1.2950512814913218e-9	2.8533801181215845e-9	1.064963955563214e-9
-1.2028772075622918e-12	-7.0452376571550346e-12	1.5691098065838405e-8	1.807038199630462e-11	-2.231005311048584e-11	-2.559433914806064e-11	-1.661172761846519e-11	1.5867682168213548e-11	8.238115051240058e-14	-3.441399942794021e-12	2.197779718632331e-11	-2.750888145747199e-11	-9.056453503797357e-13	8.269973247876372e-13	-1.9211433659183097e-11	8.011415766895347e-10	-8.319879507556749e-12	-6.7438953726961515e-12	1.4841394606335268e-11	5.5488825340122006e-12
4.6171565702690653e-11	2.7209124883742497e-10	-6.323382437901579e-7	-7.05834633796254e-10	2.5651415526406485e-8	9.824382028386647e-10	6.414255394188162e-10	-6.11699290178902e-10	-3.1907315331536346e-12	1.3364749671535003e-10	-8.641591791105907e-10	1.0605950241313056e-9	3.22164473917641e-11	-2.2018024226772015e-9	7.552465788179807e-10	-3.2401958143489507e-8	3.234364937335088e-10	2.6445810819009097e-10	-5.744136633359376e-10	-2.200549499564719e-10
-2.425097015562594e-10	-1.4553983357021294e-9	3.7762930342084833e-6	3.8777415792279335e-9	3.1135206359292344e-8	-5.176979170871954e-9	-3.430426376987983e-9	3.256667147760739e-9	1.701110433072195e-11	-7.246693115373071e-10	4.86254237135747e-9	-5.6449369198116606e-9	-1.3475374809057694e-10	-3.898595519330472e-9	-4.2090866937682936e-9	1.9355103470473922e-7	-1.7582297917942413e-9	-1.4687387660250462e-9	3.0893236441231764e-9	1.2520533264684386e-9
3.9962371259361085e-10	2.3274150003083083e-9	-5.486673803859789e-6	-5.966316518959958e-9	1.9497918938779502e-7	8.454938981578008e-9	5.482557787102327e-9	-5.246175480144721e-9	-2.7343762670772875e-11	1.1371112029409658e-9	-7.257673149962951e-9	9.104311634450246e-9	3.0713873545168413e-10	-1.5087994079815426e-8	6.34931239269082e-9	-2.8587600795978996e-7	2.748194834895079e-9	2.2229892510106097e-9	-4.9046413050715665e-9	-1.8310032266419252e-9
2.2890222703408902e-11	1.2406900073286264e-10	-3.492875626075892e-7	-2.9391962821923023e-10	-1.1914783002147517e-7	4.678737813845757e-10	2.9077115541731313e-10	-2.84010741140317e-10	-1.4735929490528044e-12	5.857670945519367e-11	-3.436093970118903e-10	4.956479306844619e-10	2.6775553996216672e-11	1.1508388285744187e-8	3.011803619001885e-10	-1.9926437428048616e-8	1.4029339842625e-10	1.0543078216018742e-10	-2.5788119556446887e-10	-8.0763084588098e-11
-1.707915573724572e-8	7.081504402946422e-9	-0.00011988785498609619	-2.720288376208222e-8	-0.009176342299498791	8.788209213692402e-8	6.425371180973118e-8	-4.483316317326069e-8	-2.1506765248910376e-10	3.737015226564985e-9	-4.08093351938945e-8	1.890670993669099e-8	1.4183956107186556e-8	0.0008191547832789567	6.143381663147388e-8	4.849007116198786e-5	1.896479433140686e-8	3.290211795430129e-8	-5.888206427377262e-8	-8.806045699496362e-10
2.1747210022377006e-10	1.3027523981454237e-9	-3.310441538051205e-6	-3.4631597043213724e-9	-1.6526037561071655e-7	4.640305871321526e-9	3.0712029126453433e-9	-2.91577288615702e-9	-1.5229372450631384e-11	6.475164649258347e-10	-4.284705118484666e-9	5.054365085320478e-9	1.2342714610785732e-10	1.5576282631768468e-8	3.755765545787604e-9	-1.6890138638051e-7	1.570444270286575e-9	1.309028063896378e-9	-2.761901755042595e-9	-1.1155640846846615e-9
2.1748942083797836e-10	7.009687693283111e-9	0.00037492762951446616	-2.364466990221483e-8	-4.80567680201627e-5	2.3566042666734713e-8	1.8462140012283885e-8	-1.554853006028224e-8	-8.225256775665668e-11	3.88023026757913e-9	-3.2918973871662376e-8	2.4321436282813465e-8	-1.2619540537299934e-9	8.278456835439226e-6	2.8677094781464507e-8	6.26392157104347e-5	9.995820260364787e-9	1.057473137672921e-8	-1.676888154580143e-8	-9.265215064058332e-9
1.1023070910914923e-10	6.517103488812293e-10	-1.4965269794645422e-6	-1.6931298437924958e-9	1.2087487737295899e-8	2.3514112436687218e-9	1.5369056357433797e-9	-1.4643704547567804e-9	-7.640038775236224e-12	3.2030824260315116e-10	-2.075755176252081e-9	2.5378211225210445e-9	7.546479673797846e-11	-1.0362676368044776e-9	1.812303338649679e-9	-7.605754593058983e-8	7.75389530360826e-10	6.352124598887898e-10	-1.3761083991065126e-9	-5.288807161316078e-10
7.998799539388202e-11	4.82530710700646e-10	-1.0705372111494138e-6	-1.2745717580323057e-9	-6.611152607999271e-8	1.7259810351777372e-9	1.13971801874585e-9	-1.0799204855013733e-9	-5.641417888391231e-12	2.389226759144658e-10	-1.5768949557584677e-9	1.8680587814470795e-9	4.596458283434579e-11	5.3460513021671985e-9	1.3738663262596873e-9	-5.240159435364322e-8	5.795736642347227e-10	4.822834085219108e-10	-1.0215500658924959e-9	-4.067391319584335e-10
-2.0664964184291534e-10	-1.2162484300942689e-9	2.73990133387806e-6	3.1360128148819055e-9	1.214274384766026e-7	-4.406248708781202e-9	-2.868431735192356e-9	2.736237581131562e-9	1.4270810227978714e-11	-5.955495575860059e-10	3.827220485842775e-9	-4.741868214058753e-9	-1.4927343736093057e-10	-1.0949020173151025e-8	-3.3428981804917157e-9	1.390759074857209e-7	-1.4407009118685976e-9	-1.1733235069297243e-9	2.564189392068039e-9	9.700468050349853e-10
-5.5684678222645e-11	-3.3923651474726535e-10	8.763790129281621e-7	9.227395583732978e-10	-6.226036157463977e-8	-1.193142320186913e-9	-8.000528243373717e-10	7.560020274730017e-10	3.953711490145562e-12	-1.7042480534440463e-10	1.1514925974537293e-9	-1.3103015721049882e-9	-2.4424177957893534e-11	5.551915089989368e-9	-1.0122667834164267e-9	4.431993799562661e-8	-4.142197470441422e-10	-3.513689573672596e-10	7.217607171650098e-10	3.058516426235336e-10

=== Matriz M (Farkas - diferença Mp - Mm) ===
1.2582513156389474e-13	-5.037584932532368e-13	6.778066155652823e-9	1.3055446480836341e-12	3.0750095782617476e-8	-2.2639273268565407e-12	-1.7289980211443456e-12	1.0309587385182173e-12	5.67774993687209e-15	-2.0745644785380435e-13	1.001590737431668e-12	-9.670870874944892e-13	2.805134596828296e-13	2.3865347290822486e-8	-1.0178997401910639e-12	-3.4813789403370654e-9	-5.970978919633829e-13	-7.739217253166508e-13	1.105706672055451e-12	3.557727029646074e-13
1.201586573296165e-13	-4.270386128046866e-13	6.014090420114471e-9	9.80187719185066e-13	2.800745201600799e-8	-2.15185941981888e-12	-1.520963910373041e-12	1.0034134981240506e-12	5.342948306008566e-15	-1.6775643374433713e-13	7.457489487050495e-13	-9.727396839409597e-13	9.183799554168814e-14	2.070349979432437e-8	-7.926962038162788e-13	-3.6611395568854344e-9	-4.934117350807732e-13	-6.049045812861475e-13	1.04002527076541e-12	1.818792512431333e-13
3.667299023396878e-12	8.774711325680444e-12	-1.6993342875340995e-8	-2.11868475394568e-11	-3.6123674975128374e-7	1.7999376155437258e-11	1.4761889702202573e-11	-7.990022343219637e-12	-5.52435770172311e-14	3.57528307364451e-12	-1.365925120662232e-11	1.7739556673097037e-11	-1.0418435762286028e-11	-4.3332529745013206e-7	5.589354356708151e-12	-4.5005509513802104e-10	7.1312782111281125e-12	5.667292040512468e-12	-4.796168254922625e-12	-8.727895469360954e-12
-3.669070255951645e-14	6.379523645461127e-13	-9.388790759602694e-9	-7.961513392995556e-15	-4.421295447679455e-8	4.9915822343538085e-12	2.146493920107684e-12	-2.7113029703318414e-12	-1.283565267962139e-14	1.746402501778821e-13	2.9793485387119567e-13	3.798558256135065e-12	1.5479054669975678e-12	-3.2035758447488544e-8	2.932658456356041e-13	6.101617767463596e-9	4.823402961762202e-13	-8.059134956606151e-14	-2.1957184334620017e-12	9.46168490778554e-13
-7.776100723484161e-10	7.2964935502264645e-9	-0.00010073426006879758	-1.8734664709572934e-8	-0.0006084806355418677	3.161110179191839e-8	2.2447219656456744e-8	-1.653597034107434e-8	-8.841289247214171e-11	3.242892826016766e-9	-1.844145427839128e-8	2.0859696756169604e-8	-1.1510269317803901e-9	-0.0002613583026758114	1.7831016868610186e-8	0.00016861967429681338	8.786445268626e-9	9.598682824716134e-9	-1.68341795679449e-8	-5.058007444209479e-9
2.0018882385119952e-13	1.207723157592433e-13	-1.1114228049176333e-9	1.2066914308050958e-12	-3.634867714978618e-9	2.101663461318015e-12	6.687792680759586e-14	-1.4041866627789723e-12	-5.769256600229866e-15	-2.446046837301097e-14	1.1731466492692633e-12	2.7682270538342824e-12	1.6497107499513497e-12	-4.830261633812644e-9	-7.703230414657369e-13	-5.58647818976743e-10	-1.5255028143479343e-13	-9.402626247045909e-13	-7.771088460228892e-13	1.1448320590135008e-12
3.2353026507836447e-14	1.0726055460485995e-13	-7.059159281425087e-10	-4.2855346008008333e-13	-1.2329062367387456e-9	6.05921562923939e-14	1.8853842098653928e-13	-1.9684340962777824e-14	-3.2829641782861074e-16	5.696138005717444e-14	-3.183590543964776e-13	9.790258881370306e-14	-2.392860215527648e-13	-3.7729634000394086e-9	2.770639620508497e-13	-1.19645192971779e-9	1.2669119225927616e-13	1.6976697825299425e-13	-3.591094435706488e-14	-2.399053178336885e-13
-5.4232226348593926e-14	-1.9739808745922183e-13	2.7269440715932403e-9	-5.099618644033299e-13	1.2861421675933182e-8	-2.0883251725112295e-12	-5.763636096167701e-13	1.2278667665954757e-12	5.466547353671913e-15	-2.8383111833063523e-14	-5.139690756328363e-13	-1.974290956413549e-12	-1.0385572610238647e-12	9.248853996036976e-9	2.7666714405572e-13	-1.7695645226911694e-9	-5.392995078290497e-14	3.8420525441673625e-13	8.724631260503823e-13	-7.164759237288099e-13
-5.997806418189811e-16	1.3010426069826053e-17	-1.5489935722978743e-12	-3.835039924515726e-15	-7.524281111365161e-12	-3.4954678040932663e-15	6.977925182116707e-16	2.637647045222735e-15	-1.1275702593849246e-17	-1.2576745200831851e-17	-3.5063098258181213e-15	-5.459174778899012e-15	-4.1728773214622095e-15	-5.2546383043361455e-12	2.6367796834847468e-15	1.260894600535467e-12	9.063930161978817e-16	2.572594914873605e-15	1.072492789022661e-15	-2.9199732909379605e-15
2.83774739817666e-14	-1.3732548084788299e-13	1.929828231245212e-9	2.47197227964957e-13	8.897151376318496e-9	-7.630081462484117e-13	-4.738596667830386e-13	3.753750782431453e-13	2.1111584702637742e-15	-5.0666068562854605e-14	1.722315866314883e-13	-4.280317419946833e-13	-4.8501567345704544e-14	6.708565866014871e-9	-2.108330870997932e-13	-1.1049175411420586e-9	-1.4554286595358512e-13	-1.4415465349193468e-13	3.58196979022285e-13	3.239162410517693e-15
2.5002309250732324e-13	-3.122775475705719e-13	4.147551272044858e-9	2.0688763202603155e-12	2.01747317740697e-8	-5.510782802309322e-14	-1.3070603627207689e-12	-3.079108149006693e-13	-4.85722573273506e-17	-1.8881814514704054e-13	1.6253400535182205e-12	1.4375532014776482e-12	1.5634312421075602e-12	1.3592135828747326e-8	-1.5513007545209234e-12	-3.183711190946764e-9	-6.01955985057856e-13	-1.369137442308599e-12	2.456645997739315e-13	1.2441848766531205e-12
3.532300320296944e-13	-8.122586804548693e-13	1.0440947178017024e-8	4.030124758219733e-12	4.5211256743601935e-8	-1.2372993254960996e-12	-2.857123825722452e-12	7.49526309073989e-14	2.991964315190998e-15	-4.385936058781681e-13	3.2107246548951363e-12	1.3339646227905622e-12	2.604076242834763e-12	3.82455657317593e-8	-2.912376936836658e-12	-3.695803003044007e-9	-1.2872767088389914e-12	-2.4803965305297826e-12	8.902752667017122e-13	2.2073341418571424e-12
-9.602344960835119e-14	7.963039949654416e-13	-1.1568698618860673e-8	-3.6168550793247434e-13	-5.5030382805319744e-8	5.814902379053244e-12	2.7487907783285692e-12	-3.0847286530688578e-12	-1.4806298548331043e-14	2.357931558338855e-13	-7.572891966289852e-14	4.083727713627416e-12	1.4893858715780972e-12	-3.903697102505474e-8	5.316394026400051e-13	7.933915642521772e-9	6.707577202003101e-13	1.6743420885867444e-13	-2.6169184007274193e-12	9.018354639456216e-13
1.339522837594774e-9	3.493317689740212e-8	-0.0007049494096627936	-8.167519368609214e-8	-0.0032544405804819532	1.4514519665489002e-7	9.522934256921915e-8	-7.980423716329914e-8	-4.1963862088987766e-10	1.5503754365443854e-8	-8.104877780208426e-8	1.190209889975714e-7	1.920190853381149e-9	-0.002447307224171566	7.642568144701836e-8	0.00040247019173761866	3.94389681193587e-8	3.5718498717454174e-8	-7.559602286847213e-8	-2.01049390411703e-8
-4.007332660149743e-13	1.0346328828403362e-12	-1.4107426534251677e-8	-3.3838535272445736e-12	-6.590980141871206e-8	3.978580052216296e-12	3.7963594941292644e-12	-1.5510735057455705e-12	-9.745676488037702e-15	4.568797597193086e-13	-2.9742944218646983e-12	6.054197941585127e-13	-1.4528881570052832e-12	-4.830882840371059e-8	2.47183870594192e-12	8.728985629365832e-9	1.3723848446556275e-12	2.175488955646898e-12	-2.048128160125895e-12	-1.2927194037448686e-12
2.314749045016407e-10	5.993288198081863e-11	8.323634998892784e-9	2.0368931555169855e-11	2.733197127849872e-6	-4.906869672342547e-10	-4.2712654178129317e-10	2.201031682539772e-10	9.137220721120191e-13	1.8113563428482683e-11	2.0004241871417595e-10	3.129340908548017e-10	-1.5104021654299227e-10	-1.5393634721779825e-6	-4.760929789832368e-10	-2.3818343029009855e-8	-7.820175712148217e-11	-2.8737876887338165e-10	4.291916938857257e-10	-6.025705037764956e-11
3.0917109150596644e-15	-7.219528794233376e-14	1.1691976085220768e-9	-7.774033153329363e-14	5.613768723315704e-9	-6.783037673208092e-13	-2.5341664530720287e-13	3.7511096659392784e-13	1.6124254709204422e-15	-1.5300694738984433e-14	-9.279599658129634e-14	-5.371332718884236e-13	-2.6185564133696104e-13	3.932608824089995e-9	1.9180403793006562e-14	-8.49198134988266e-10	-4.360877978171196e-14	5.1765449565754906e-14	2.9327625397645996e-13	-1.7645346989114685e-13
-1.3161173539888438e-13	2.899668352651652e-13	-3.50278172049287e-9	-1.58588723750408e-12	-1.5027349602528273e-8	2.3417899563948907e-13	1.0106668106579786e-12	1.079670207404515e-13	-6.080205783298709e-16	1.6412522382824868e-13	-1.3164473851301484e-12	-7.130528806298386e-13	-1.1073793791671616e-12	-1.2882904465872508e-8	1.1153035960054236e-12	1.117481476711063e-9	4.808709853920679e-13	9.740142720149336e-13	-2.333988037561685e-13	-9.145509870245316e-13
1.1153664797314278e-13	-6.861273701974646e-13	9.291078190230145e-9	1.1409835749820463e-12	4.2744734711410576e-8	-3.8534978159809885e-12	-2.305642655964224e-12	1.9362085719454303e-12	9.874913386997974e-15	-2.498387781380007e-13	7.620219559523189e-13	-2.3237657457986227e-12	-3.4730725240184057e-13	3.228338291572791e-8	-9.776333388666902e-13	-5.2233248464331195e-9	-7.039785421270039e-13	-6.285709799880301e-13	1.8066984540376918e-12	-5.767261668232493e-14
2.1229545899004165e-14	3.5697139688650736e-13	-5.184809755143238e-9	2.936990928237293e-13	-2.4240100671493736e-8	3.1043652891360463e-12	1.1410325809202426e-12	-1.7464480382700653e-12	-7.862634154864878e-15	8.312274479838067e-14	4.4386196107470965e-13	2.6130829271220346e-12	1.2007968404337266e-12	-1.7805867896878574e-8	-3.7707684197307856e-14	3.2269896941237997e-9	2.1408482625551173e-13	-2.600870907532027e-13	-1.3385642420871147e-12	7.741797654337024e-13

=== Matriz N (Farkas - diferença Np - Nm) ===
-4.6366851330637004e-12	-3.039457574516291e-12	-6.4495693195831816e-9	4.87568882837075e-12	-1.4303612121124853e-8	6.169799480343352e-12	3.6318899276910344e-12	-4.485850059465779e-12	-1.26478688633469e-14	-9.497264086277823e-13	-4.006127461014808e-12	-3.736037087337385e-12	8.172571560466357e-12	4.7024930609294163e-7	1.0442303705754385e-11	-4.864724711603485e-9	1.5580375531398793e-13	3.109932016770456e-12	-8.608792064629389e-12	3.6463904812267245e-12
-4.232628570549624e-12	-2.6920037379807304e-12	-5.666473301864372e-9	3.1232850507267873e-12	-1.2689056283141098e-8	4.175605607809052e-12	3.3679925168228486e-12	-3.102600641680109e-12	-7.915109540013177e-15	-7.856033532038786e-13	-4.534547650564269e-12	-5.166418941965345e-12	5.953611735554087e-12	4.1661035761692347e-7	1.0043682899252282e-11	-4.300424330874741e-9	3.354803414234997e-13	3.526151592936344e-12	-7.19148742292508e-12	2.2807584813822057e-12
2.2129714353828712e-12	2.2639151899331978e-12	-1.365284447889963e-9	-3.821764708111534e-12	-6.001483752721553e-8	5.348515938803559e-13	5.958993907414784e-13	6.23815795573297e-13	-2.516139427785277e-15	7.354532036741694e-13	1.0870250606070336e-12	3.5171377839902553e-12	-4.285997636020131e-12	-7.028296519462136e-8	-4.490374871088831e-12	7.226001791275407e-10	6.446488975480968e-13	-7.708050941628873e-13	2.7800846125822373e-12	-1.974749277576858e-12
7.788731031660445e-12	4.104752562156255e-12	8.721000293882702e-9	7.162884001210568e-12	1.983594305520267e-8	6.222313029408122e-12	-6.82363844248246e-12	-3.84853433843535e-12	-2.0247692411601292e-14	6.407049370216189e-13	1.7079175747281017e-11	2.6482211389067256e-11	3.653384018920125e-12	-6.502490889543668e-7	-2.3526736114831692e-11	6.693400363046859e-9	-2.5282514796998168e-12	-1.3201305933824292e-11	6.7844328245636465e-12	5.971510612379216e-12
3.1755455539027354e-9	-3.5781487183459727e-10	2.523047944517635e-6	3.4160530699457996e-9	0.00021204874873023645	-1.2640933248720884e-8	-9.210743123655332e-9	7.172424858884244e-9	3.237073327758914e-11	-4.243353610654775e-10	8.233676694548338e-9	-2.677215408741708e-9	-3.7698617787982084e-9	-0.006980003622181146	-1.2123099192053177e-8	-1.2001100449289358e-5	-2.8575194867789958e-9	-5.307175411840186e-9	1.0053315443648192e-8	-1.2321428541361718e-10
2.1321516600891766e-12	3.697367932653517e-13	1.2349297266213421e-9	1.3025075809580677e-11	2.3453994857369764e-9	1.3396432834572591e-11	-2.4898906721138037e-12	-9.084138823112209e-12	-3.487097763321678e-14	-5.290837212790223e-13	1.2292198509067376e-11	2.1529465276531878e-11	1.3410036536071201e-11	-7.91547981457072e-8	-1.0795748409814232e-11	8.515570301854958e-10	-2.3709671378990826e-12	-9.370691288895783e-12	-3.5075783423599294e-12	1.0288624119336731e-11
3.4656869388194345e-13	3.2121397555706643e-13	8.104156534217977e-10	-1.911239395913089e-12	1.4978894127652687e-9	-2.203245398624265e-12	-2.222024647613452e-13	1.5286287860516445e-12	5.289605559122279e-15	1.6517516521208364e-13	-8.049728418557667e-13	-1.8355321602936403e-12	-2.406612235883454e-12	-5.07665035517392e-8	-2.2320730333480476e-13	5.506009389741329e-10	2.1111194389855648e-13	5.785220393017543e-13	1.4506494963595351e-12	-1.5003497576271396e-12
-2.8709699548268297e-12	-1.1399028422565127e-12	-2.673182842184013e-9	-8.215940948408385e-12	-5.721379336444399e-9	-8.141739019085215e-12	2.826671622463417e-12	5.413933624326406e-12	2.2064381571818004e-14	1.1666405688726122e-13	-9.977447687492536e-12	-1.6858419608217767e-11	-7.533322923802821e-12	1.894935177065675e-7	1.0934351080821303e-11	-1.9831813101445217e-9	1.7710993262254338e-12	7.739878616491724e-12	1.6656034190765112e-13	-6.555681778680489e-12
-2.6979286860129292e-15	9.380517196344584e-16	9.272248767400182e-13	-3.792062150398401e-14	3.3876664494447706e-12	-3.970738668424012e-14	4.154229044095459e-15	2.717531061291467e-14	2.7321894746634712e-17	2.048708425128609e-15	-2.948639596378477e-14	-5.472879094359229e-14	-4.110470644413944e-14	-1.0419478084153222e-10	2.212596425521518e-14	9.595145858409815e-13	6.277964259560065e-15	2.290528877679776e-14	1.510423730533006e-14	-2.9840713233753036e-14
-1.4162759506830547e-12	-8.599496982564236e-13	-1.8112700735962994e-9	4.047769064374762e-13	-4.077653177787799e-9	7.042274749458066e-13	1.1557816335938664e-12	-5.641906213049719e-13	-1.005705935197554e-15	-2.2365139254465483e-13	-1.932102481477793e-12	-2.5724591727616097e-12	1.2698110792019879e-12	1.3373948748755457e-7	3.61464460793548e-12	-1.3780261237661406e-9	2.0515186771596916e-13	1.5101379348403388e-12	-2.085902197496159e-12	2.583302495529072e-13
-1.9495152020487794e-12	-1.894877917768545e-12	-4.110545610922639e-9	1.2015420776390062e-11	-8.639172447300753e-9	1.3421504792970884e-11	1.1035577833495847e-12	-9.307305360445328e-12	-3.3010486705231656e-14	-1.016016264177022e-12	4.71716936345512e-12	1.1583706650136749e-11	1.4716288951333034e-11	2.868098256760855e-7	4.551753939041614e-13	-3.0172367685918355e-9	-1.3914043528462372e-12	-3.89286823263002e-12	-8.616817762790996e-12	9.390451524010635e-12
-5.516235038194317e-12	-4.8488730391982315e-12	-9.694612392811136e-9	2.3807191894958946e-11	-2.211290030338514e-8	2.648436938507137e-11	3.3265759938339023e-12	-1.853296942994076e-11	-6.373764363520884e-14	-2.2833792148735377e-12	7.842308399896858e-12	1.8882975044709482e-11	3.0046114467968676e-11	7.247906554353443e-7	5.424013668764438e-12	-7.461876060186473e-9	-2.561813608470409e-12	-5.722497128934911e-12	-1.9083239329031887e-11	1.8466454060339643e-11
9.479363474729219e-12	5.073204443345469e-12	1.0884974907966055e-8	7.478132696414619e-12	2.4371006389183048e-8	6.1193511195767325e-12	-8.276003146678867e-12	-3.668463102735053e-12	-2.0785890370023097e-14	8.520133383538298e-13	1.986521407440489e-11	3.038460715670821e-11	2.9522027183981336e-12	-8.012967690333196e-7	-2.8203240957924702e-11	8.289561416637004e-9	-2.9052576316912493e-12	-1.540240287742356e-11	8.963565133190965e-12	6.270154968152086e-12
3.1831456940244716e-9	-2.5764608072888218e-8	0.0005890218469223753	6.548793911824837e-8	0.0014876629136019255	-1.3150574242087225e-7	-8.137250201217458e-8	8.104665926328717e-8	3.994845758988237e-10	-1.3070250190851986e-8	9.204176490391165e-8	-1.1910607664332223e-7	-2.263271864166123e-8	-0.04891220558195428	-9.644351305570197e-8	0.00039395041726076024	-3.6018037120433104e-8	-3.2870627774046236e-8	8.241793927990819e-8	1.333836391071699e-8
9.145507268160102e-12	6.379650280274873e-12	1.3526836533262615e-8	-1.5150359265747593e-11	2.966035260324254e-8	-1.8179420208791486e-11	-6.861817971465234e-12	1.3027967159934262e-11	3.993940594915202e-14	2.2243721621573176e-12	3.609389263165008e-12	-1.2810455821132827e-13	-2.2546686306162966e-11	-9.77628533608936e-7	-1.8676590655963832e-11	1.0158128372315944e-8	5.29927664250085e-13	-3.1977875208921702e-12	1.9781613846969748e-11	-1.1539010632416469e-11
-1.809993008930125e-11	-1.756172428057809e-11	2.2435057337700598e-8	3.0739952907633556e-11	-6.851834114387257e-8	-6.249968887223002e-12	-2.3484368467016604e-12	1.6252531301501403e-12	4.324059827646304e-14	-6.475084201728199e-12	4.701521585107537e-12	-4.468821363473694e-11	2.4641719268955807e-11	1.8017145439118733e-6	2.175395199094626e-11	-3.542660348029114e-9	-6.709878367751126e-12	7.072661918374444e-12	-1.540565477751554e-11	1.529783013454319e-11
-1.0284004550720205e-12	-5.092900927372579e-13	-1.048225022406979e-9	-1.4943935845723733e-12	-2.4820545250180126e-9	-1.4366524463127472e-12	9.181357930876377e-13	9.258657208965904e-13	4.226220068348496e-15	-5.212280260180613e-14	-2.625241603965156e-12	-4.24683769054135e-12	-1.11318376391778e-12	8.076744470409888e-8	3.309988134275743e-12	-8.211327815615954e-10	4.1094514943718075e-13	2.026667028642848e-12	-6.143054814833349e-13	-1.2214673716925972e-12
1.6556239886000856e-12	1.6263336163890862e-12	3.3956128325796087e-9	-1.0061929588134344e-11	7.38350156232262e-9	-1.1160593716558198e-11	-9.006775360254071e-13	7.736296412513832e-12	2.6776757894309e-14	8.569208710673681e-13	-4.143162809361334e-12	-9.563609019297425e-12	-1.2304242694161083e-11	-2.4359757504546775e-7	-4.607980663706712e-13	2.5352487878146923e-9	1.1736310707999298e-12	3.202897582571529e-12	7.2005166586175395e-12	-7.845012400115037e-12
-7.040419896381378e-12	-4.117184024265974e-12	-8.937277894312257e-9	-2.69113290679579e-13	-1.9565031535856425e-8	1.2248028112560316e-12	5.902770459920159e-12	-1.2553452201358173e-12	7.75855074630627e-16	-9.651697843726659e-13	-1.0958940786093274e-11	-1.5511622368513667e-11	3.87344800331646e-12	6.447310274431718e-7	1.898546337503193e-11	-6.694936236038146e-9	1.3675306546889754e-12	8.659946457850731e-12	-9.339209960934625e-12	-4.872556351454005e-13
4.633959882482941e-12	2.246936144090217e-12	4.770769565856647e-9	7.304123451901123e-12	1.0953889927056704e-8	6.9629640594981446e-12	-4.2054068560837266e-12	-4.510391626161292e-12	-2.017526770647926e-14	1.927321149897132e-13	1.213312133055422e-11	1.9704994580482804e-11	5.580254140713503e-12	-3.594180771693614e-7	-1.520997173695693e-11	3.704965808107308e-9	-1.950902547148692e-12	-9.420023355105611e-12	2.5502443039282507e-12	5.939642441082915e-12

=== Matriz P (Farkas para E - diferença Pp - Pm) ===
2.2078511900374548e-6	-2.2078511900374548e-6
7.28444116981225e-7	-7.28444116981225e-7
-4.778857108809884e-6	4.778857108809884e-6
-1.122527596760653e-7	1.122527596760653e-7
0.0007168568850739812	-0.0007168568850739812
-1.4064305261718077e-6	1.4064305261718077e-6
-3.509540375626688e-6	3.509540375626688e-6
-1.4788060804741404e-6	1.4788060804741404e-6
-5.550072000939932e-9	5.550072000939932e-9
4.84268559957507e-7	-4.84268559957507e-7
-2.5637569428397025e-6	2.5637569428397025e-6
1.0272836715643358e-5	-1.0272836715643358e-5
2.4309094754431868e-6	-2.4309094754431868e-6
0.000516057714149708	-0.000516057714149708
6.747946032885366e-7	-6.747946032885366e-7
-0.24323104300962337	0.24323104300962337
1.4841257474276087e-7	-1.4841257474276087e-7
-2.7789973287839498e-6	2.7789973287839498e-6
5.267697531872312e-7	-5.267697531872312e-7
-9.048882025804172e-8	9.048882025804172e-8

=== Matriz T (Inclusão em S - diferença Tp - Tm) ===
3.034869914403382e-8	2.552389910884245e-8	-0.00015939517500572487	-4.3202623915827854e-8	0.001557502798957413	1.284707606963309e-8	-6.297884137806964e-9	-1.819671359773456e-8	-1.1903960109305167e-10	1.1129014515498525e-8	-3.282001917806476e-8	1.1373328335020916e-7	-1.2186164785599196e-8	-0.0020517092433854217	-5.571912750634844e-9	2.320743194006436e-7	1.2615124667103572e-8	-1.709432508045783e-8	9.592869072011512e-9	-1.9834056397272093e-8
-1.2143648631807169e-8	1.0512127852219111e-8	-0.0001840864113255361	-3.252776474560459e-8	-0.0022875367825330624	6.862152398048882e-8	6.032449028151032e-8	-2.3351553229272737e-8	-1.3824486000402203e-10	3.4647394502040907e-9	-1.8197901269223493e-8	-1.2756854874534929e-8	-1.508157051674508e-8	0.0002936318063036028	2.3412703147734915e-8	-6.109738444948221e-6	1.499992292527952e-8	3.060554321088205e-8	-3.276584448902442e-8	-7.481128775493895e-9
-3.0348699182197736e-8	-2.552389908802577e-8	0.0001593951750057422	4.320262479359793e-8	-0.001557502798957458	-1.2847075878813508e-8	6.297884054540237e-9	1.819671372263465e-8	1.1903961150139253e-10	-1.1129014706318108e-8	3.282001837662252e-8	-1.1373328415512085e-7	1.2186164785599196e-8	0.0020517092433854425	5.571910724477824e-9	-2.320743193937047e-7	-1.261512471567583e-8	1.7094324903516034e-8	-9.592868905478058e-9	1.983405683442241e-8
1.2143648697726661e-8	-1.0512127893852474e-8	0.00018408641132555692	3.252776475948238e-8	0.0022875367825330936	-6.862152407069444e-8	-6.032449031967424e-8	2.3351553198047714e-8	1.3824492245406717e-10	-3.4647393079567657e-9	1.8197901345551326e-8	1.27568548502488e-8	1.508157052715342e-8	-0.0002936318063035924	-2.3412703133857127e-8	6.109738444944751e-6	-1.4999922918340625e-8	-3.060554318312647e-8	3.2765844641680086e-8	7.481128924680114e-9
-3.3004135173992223e-9	-1.3466249061821361e-8	-0.9990801382307913	4.245730866884914e-8	-1.2913432481926024e-5	-3.698839314736124e-8	-2.8158086219123824e-8	2.5772562732429417e-8	1.3901721213662984e-10	-7.271841197557458e-9	5.719494252275965e-8	-4.8691991499621025e-8	3.761639685615723e-9	1.4692178785173936e-5	-4.621248462218514e-8	2.358437687964849e-5	-1.7171167955125084e-8	-1.5471921876450612e-8	2.531598742495396e-8	1.7373048938463902e-8
3.300413707761407e-9	1.3466250239424162e-8	0.9990801382307247	-4.2457312440026166e-8	1.291343248194763e-5	3.698839676800019e-8	2.8158088879996513e-8	-2.577256530432299e-8	-1.390172245609091e-10	7.271841789789342e-9	-5.719494769324866e-8	4.8691996130353535e-8	-3.761639867734583e-9	-1.4692178785182582e-5	4.6212488905485064e-8	-2.358437687923738e-5	1.717116946948108e-8	1.5471923235755534e-8	-2.53159899537776e-8	-1.7373050373774784e-8
2.902640416045654e-7	3.651316108840841e-8	0.0014518459072995274	1.3471238404991204e-7	-0.0004522763914299281	-4.085152299979078e-7	-6.224389910505779e-7	-6.606851227566879e-8	-4.871458098021364e-11	3.7025366120269076e-8	-1.5680716269200756e-7	1.153614488168947e-6	3.2620340396569136e-7	5.089583537568748e-5	-5.363560148102797e-8	-0.3083366195873465	-5.10457466885994e-8	-4.369215717316133e-7	1.9403691923353117e-7	3.9976916704070886e-8
-2.9026404176416e-7	-3.651316081085265e-8	-0.0014518459072995309	-1.3471238393195084e-7	0.0004522763914299281	4.08515229852191e-7	6.224389912622141e-7	6.606851207097142e-8	4.8714730166432574e-11	-3.702536572822157e-8	1.5680716256710747e-7	-1.1536144882175192e-6	-3.262034039032413e-7	-5.089583537569789e-5	5.3635601227758345e-8	0.3083366195873464	5.10457466885994e-8	4.3692157175936885e-7	-1.9403691926128674e-7	-3.997691679427651e-8

=== Matriz Z (diferença Zp - Zm) ===
0.002610143361664541	0.0009815737781764255	-0.002610143361664541	-0.0009815737781764255	5.792942204152496e-6	-5.792942204152496e-6	1.4719008021302216e-5	-1.4719008021302216e-5
0.002292414391206421	0.0019780812622798294	-0.0022924143912348427	-0.0019780812622798294	3.0086176622035055e-5	-3.0086176622035055e-5	4.856294140154205e-6	-4.856294140154205e-6
-0.003522094655863839	0.00043258811348323434	0.003522094655863839	-0.00043258811348323434	-0.5004457259657613	0.5004457259657613	-3.854185609952765e-5	3.854185609952765e-5
-0.0035649998018243423	-0.003799780190945512	0.0035649998018243423	0.003799780190945512	-7.443865240475134e-5	7.443865240475134e-5	-7.483517947548535e-7	7.483517947548535e-7
-34.658539274055386	-242.1747548845786	34.65853927405536	242.1747548845786	0.05024600968062032	-0.05024600968062032	0.004779051990595917	-0.004779051990595917
-0.0004791525745417857	0.002033554735191956	0.0004791525745417857	-0.002033554735191956	0.00011224571352386192	-0.00011224571352386192	-9.376203564670504e-6	9.376203564670504e-6
-0.00033632702286467975	0.002917023512253536	0.00033632702286467975	-0.002917023512253536	6.971558039481351e-5	-6.971558039481351e-5	-2.3396935972641586e-5	2.3396935944219877e-5
0.0010388775198180156	0.0011283346679817896	-0.0010388775198180156	-0.0011283346679817896	-7.063698032538923e-5	7.063698032538923e-5	-9.858707187504478e-6	9.858707187504478e-6
-5.621355398943706e-7	-1.0502845668725058e-6	5.621355398943706e-7	1.0502845668725058e-6	-3.6347384479995526e-7	3.6347384479995526e-7	-3.700046136145829e-8	3.700046136145829e-8
0.0007384085605792734	0.0004939992462311693	-0.0007384085605792734	-0.0004939992462311693	1.468977802687732e-5	-1.468977802687732e-5	3.228457103432447e-6	-3.228457103432447e-6
0.0015540079298261844	0.002746018511601278	-0.0015540079298261844	-0.002746018511601278	-9.244406322750365e-5	9.244406322750365e-5	-1.7091713004901976e-5	1.7091713004901976e-5
0.004081369788991651	-0.0017603263019054793	-0.004081369788991651	0.0017603263019054793	0.00012561932118160257	-0.00012561932118160257	6.848557836747204e-5	-6.848557836747204e-5
-0.004378052891610196	-0.0055478764338943165	0.004378052891610196	0.0055478764338943165	8.390570542360365e-6	-8.390570542360365e-6	1.6206063179424746e-5	-1.6206063179424746e-5
-270.0091213244168	-183.8408619528669	270.0091213244168	183.8408619528669	0.07695063721519091	-0.07695063721521933	0.003440386055245881	-0.003440386055245881
-0.005373566017908615	-0.0050115427160619674	0.005373566017908615	0.0050115427160619674	8.177771189821215e-5	-8.177771189821215e-5	4.498630659099945e-6	-4.498630659099945e-6
0.006291184465311517	0.324876161485264	-0.006291184465311517	-0.324876161485264	-0.002427301344226862	0.002427301344226862	-1.621540680668545	1.621540680668545
0.00043975705756338357	0.0006355381152047812	-0.00043975705756338357	-0.0006355381151763595	3.5247914127012336e-5	-3.5247914127012336e-5	9.894171739688318e-7	-9.894171739688318e-7
-0.0013757151834852266	0.0007968219445899649	0.0013757151834852266	-0.0007968219445899649	2.6451592219700615e-5	-2.6451592219700615e-5	-1.852664897228351e-5	1.852664897228351e-5
0.003562681908590548	0.0022483423078085707	-0.003562681908590548	-0.0022483423078085707	-6.500907232975806e-5	6.500907232975806e-5	3.511798411182099e-6	-3.511798411182099e-6
-0.0019755769126845735	-0.0018210268642064875	0.0019755769126845735	0.0018210268642064875	-2.1357315858949733e-5	2.1357315858949733e-5	-6.032588260040939e-7	6.032588260040939e-7

=== Valores de H em valor absoluto (Hp + Hm) ===
0.012000004965878016	0.012000004965876679	0.012000064907976955	0.012000004965870505	0.012000005759220628	0.012000004965949579	0.012000004965887063	0.012000004965872373	0.012000004965877359	0.012000004965876936	0.012000004967514095	0.012000004965770486	0.012000004965831996	0.0120000098877216	0.012000004965987248	0.012000011403456908	0.012000004965877777	0.01200000496586268	0.012000004965901383	0.012000004965927442
0.011999982819295943	0.011999982819278377	0.012002007471497579	0.011999982818922264	0.01199998299768805	0.011999982818473831	0.011999982819035873	0.011999982819186628	0.011999982819300089	0.011999982819297931	0.011999982812831583	0.01199998281923127	0.011999982819305869	0.011999986007945895	0.011999982817091609	0.011999988653712136	0.011999982819274807	0.011999982819248673	0.011999982819204764	0.011999982818981857
1.3074422309495926e-6	1.3074423121946115e-6	0.958866381565843	1.307443007635375e-6	4.287341787715989e-6	1.3074432231432375e-6	1.3074427773001722e-6	1.3074426221017687e-6	1.3074422300953993e-6	1.3074422524627874e-6	1.3074435475604547e-6	1.307443221340734e-6	1.3074422324330029e-6	9.116565033535874e-7	1.307443230556043e-6	0.02446510705215676	1.3074423743494425e-6	1.3074423787306372e-6	1.307442646013067e-6	1.3074423352339483e-6
0.011999851826221077	0.011999851826170718	0.012013470091866835	0.0119998518206124	0.01199985472148497	0.01199985181756107	0.011999851824863406	0.011999851823072373	0.011999851826298123	0.01199985182625997	0.011999851826454104	0.011999851811539435	0.01199985181989724	0.011999854715786313	0.01199985182875444	0.01199987768073529	0.01199985182589101	0.011999851823730107	0.011999851825341926	0.011999851823791562
0.00035512448148397114	0.0003551244816482448	0.00042074594565370723	0.00035512448110373087	0.9417124140943737	0.00035512448711236743	0.00035512448476795295	0.0003551244852883931	0.00035512448441766035	0.0003551244836734165	0.0003551244860058258	0.00035512449105173406	0.00035512447966735424	0.0014540344028080537	0.00035512448037647727	0.0007326894656609214	0.00035512448429920833	0.00035512448359229794	0.00035512448138914964	0.0003551244826198517
0.011999704069536647	0.011999704069196787	0.012026304448035534	0.011999704060072246	0.01199971237584143	0.01199970406933341	0.011999704066703854	0.011999704064980705	0.011999704069615744	0.011999704069572473	0.011999704194129402	0.011999704054706812	0.011999704063349891	0.011999699733583743	0.01199970407168002	0.011999734868299809	0.011999704069194733	0.01199970406721601	0.011999704066327018	0.011999704061822844
0.011999878784218345	0.011999878784047114	0.012011075353224723	0.011999878781605529	0.01199989410553227	0.01199987878444125	0.011999878782501062	0.011999878783220584	0.011999878784247024	0.0119998787842306	0.011999878815968906	0.0119998787833778	0.011999878784178297	0.011999878387353117	0.011999878782826106	0.011999894102943064	0.011999878784100176	0.011999878783984359	0.011999878783229934	0.011999878781474245
0.011999890273539737	0.011999890273389085	0.012010081756000983	0.011999890269516013	0.01199989025492	0.011999890268457977	0.011999890271673105	0.011999890271550184	0.011999890273585547	0.011999890273553632	0.011999890270019537	0.011999890267172953	0.011999890270994604	0.011999888798171928	0.011999890267168675	0.011999905420567916	0.011999890273292037	0.011999890272367723	0.011999890272115517	0.011999890270819729
0.012000005817684095	0.01200000581768398	0.012000006095046773	0.012000005817683474	0.01200000581212186	0.01200000581768376	0.012000005817684097	0.012000005817683783	0.012000005817684043	0.012000005817683908	0.01200000581768337	0.012000005817684047	0.012000005817683894	0.012000005813402399	0.012000005817683776	0.012000005818079218	0.012000005817683986	0.012000005817684005	0.01200000581768406	0.012000005817684154
0.012000000317499745	0.01200000031749745	0.012000486089654455	0.012000000317508745	0.012000000193398162	0.012000000317353997	0.01200000031743749	0.012000000317473187	0.012000000317502143	0.012000000317501022	0.0120000003175055	0.012000000317446441	0.012000000317487495	0.012000000540922755	0.012000000317631404	0.012000001546713088	0.012000000317491377	0.01200000031747747	0.012000000317493858	0.012000000317531559
0.011999772515164148	0.011999772515313083	0.012020430704197366	0.011999772537399995	0.011999779805692098	0.011999772591775454	0.011999772524733675	0.011999772514250079	0.01199977251520705	0.011999772515185452	0.011999772553681315	0.011999772504085574	0.011999772510297966	0.011999769470390774	0.01199977257327945	0.011999806683969445	0.011999772515030278	0.011999772513346024	0.011999772515718127	0.01199977253424759
0.011999655798630986	0.011999655798381819	0.012030395135108205	0.011999655784461997	0.011999687241356744	0.011999655779451775	0.011999655794564822	0.01199965579095439	0.011999655798836793	0.01199965579873142	0.01199965576239854	0.011999655766841342	0.01199965578502772	0.01199965932277288	0.011999655791603357	0.011999776292849179	0.011999655797752841	0.011999655792978355	0.011999655795121914	0.011999655791045491
0.01200000471595961	0.012000004715995556	0.012000072582988283	0.012000004709757081	0.012000013450263188	0.012000004710036538	0.012000004715865539	0.01200000471341554	0.012000004716003168	0.012000004715988333	0.012000004712545354	0.012000004702138025	0.012000004709628174	0.012000011104885418	0.012000004713125866	0.012000012187738386	0.01200000471584713	0.01200000471379832	0.01200000471519463	0.012000004712553816
0.001197568974951233	0.0011975689687552722	0.0011716466462839115	0.0011975689953098122	0.003529552762052783	0.001197569033752156	0.0011975690069259493	0.0011975690123308064	0.0011975689833832774	0.0011975689792161053	0.0011975690454655362	0.001197569016846776	0.0011975689334423403	0.7692331885883048	0.0011975690268996241	0.0013570220229109505	0.0011975689936640716	0.0011975689975852418	0.0011975690146335807	0.0011975689727769566
0.011999829456433082	0.011999829456432364	0.012015409979935218	0.011999829455535847	0.01199983400211033	0.011999829453206472	0.011999829456078168	0.011999829455135693	0.011999829456449985	0.011999829456439497	0.011999829464540555	0.01199982945129389	0.011999829453959615	0.011999844842895548	0.01199982947067409	0.011999857140421889	0.011999829456400657	0.011999829455640884	0.011999829456178335	0.011999829456226326
2.729389121298198e-5	2.729389229295646e-5	0.00027507809545164355	2.7293902992810345e-5	0.0006154333190049832	2.7293907188828003e-5	2.7293899766699974e-5	2.7293897441163644e-5	2.729389140957585e-5	2.7293891685225275e-5	2.729391146228401e-5	2.7293906586054876e-5	2.72938901535354e-5	4.363127540926513e-5	2.7293905991365444e-5	0.5000683192020705	2.7293893613448644e-5	2.7293893716927535e-5	2.72938975682816e-5	2.7293892680417675e-5
0.011999973743900272	0.011999973743884553	0.0120028101200165	0.011999973743809872	0.01199997371063425	0.011999973742941455	0.01199997374347757	0.011999973743679653	0.011999973743914432	0.011999973743907964	0.011999973742871109	0.011999973743398697	0.011999973743752274	0.011999973343406769	0.011999973744564027	0.011999977774462078	0.011999973743840917	0.011999973743732528	0.011999973743791567	0.011999973743979006
0.01199998415296728	0.011999984152978711	0.012001892336365182	0.011999984150851411	0.011999988276100684	0.011999984150406331	0.01199998415267017	0.011999984151993447	0.011999984152996312	0.01199998415298759	0.011999984151895154	0.011999984148031745	0.011999984150749076	0.011999984502386296	0.011999984152804205	0.011999989818450182	0.01199998415289621	0.011999984152119919	0.011999984152718964	0.011999984151879868
0.011999904751053923	0.01199990475075127	0.012008809378018664	0.011999904748239247	0.011999904644174147	0.011999904746340922	0.011999904748391535	0.011999904749507424	0.011999904751077047	0.011999904751031762	0.011999904743899538	0.01199990474853379	0.01199990475046104	0.011999912242235256	0.011999904743669057	0.011999920065863277	0.011999904750723243	0.011999904750451654	0.01199990474952235	0.011999904749100208
0.01199999004602684	0.011999990046070334	0.01200138688123117	0.011999990043292389	0.011999990031507243	0.011999990043307932	0.011999990046007051	0.01199999004469548	0.011999990046059103	0.011999990046051687	0.01199999006543053	0.011999990038268422	0.01199999004248354	0.011999990463755317	0.011999990049795626	0.01199999423760719	0.011999990045954386	0.011999990044764305	0.011999990046140796	0.011999990045018555

=== Valores de L em valor absoluto (Lp + Lm) ===
0.01200000496587738	0.01200000496587732	0.012000005030888345	0.012000004965878209	0.012000004953002913	0.012000004965877824	0.012000004965877473	0.012000004965877404	0.01200000496587716	0.012000004965877028	0.012000004965885849	0.012000004965877073	0.012000004965876856	0.012000004956305526	0.012000004965880284	0.012000004966038329	0.012000004965877342	0.012000004965877258	0.012000004965877407	0.012000004965877834
0.011999982819300033	0.011999982819300054	0.01199998503137091	0.011999982819298682	0.011999982804785068	0.011999982819298352	0.011999982819299853	0.011999982819299997	0.011999982819300311	0.011999982819300103	0.01199998281928026	0.011999982819299978	0.011999982819300195	0.011999982808299468	0.01199998281929143	0.011999982825086335	0.011999982819300294	0.011999982819300124	0.011999982819299908	0.011999982819298542
1.3074422309632961e-6	1.3074423128891569e-6	0.005399062812538856	1.307443012782501e-6	1.6373335760505266e-5	1.307443227258109e-6	1.3074427807132989e-6	1.3074426223921242e-6	1.3074422300954194e-6	1.3074422525798018e-6	1.3074435479438548e-6	1.3074432210745827e-6	1.3074422328957033e-6	1.1742236411471773e-6	1.307443228765642e-6	0.0011437686511211276	1.3074423749340158e-6	1.3074423794946112e-6	1.3074426459047002e-6	1.30744233609852e-6
0.011999851826298785	0.011999851826301398	0.011999867557065367	0.011999851826433896	0.011999851780604413	0.011999851826610813	0.011999851826324664	0.01199985182632251	0.011999851826297774	0.011999851826298934	0.011999851830077056	0.011999851826301635	0.011999851826298692	0.011999851805843079	0.011999851827056266	0.011999851867564994	0.01199985182630045	0.01199985182629835	0.011999851826341161	0.011999851826459414
0.0003551244821071661	0.0003551244804392681	0.00042981456613149275	0.00035512447807371913	0.0014725992182817395	0.0003551244843310686	0.0003551244799067302	0.0003551244840873986	0.0003551244844170778	0.00035512448349168436	0.00035512448205543415	0.0003551244914431871	0.00035512447383061283	0.0003872314795915282	0.00035512447605678797	0.0003985121623850641	0.000355124483626014	0.00035512448391680773	0.00035512448062860285	0.00035512448117728536
0.011999704069615938	0.011999704069621114	0.011999732240012212	0.011999704069924207	0.011999704043729399	0.011999704070226108	0.01199970406967648	0.011999704069659592	0.011999704069615879	0.011999704069616203	0.011999704077727385	0.01199970406961907	0.011999704069616299	0.011999704063856715	0.011999704071260688	0.011999704143845734	0.0119997040696189	0.011999704069615539	0.011999704069693338	0.011999704069914848
0.01199987878424676	0.011999878784245983	0.01199989095995536	0.011999878784236358	0.011999878777422299	0.011999878784236275	0.011999878784241873	0.011999878784243845	0.011999878784246446	0.011999878784246732	0.011999878784090194	0.011999878784245768	0.011999878784246725	0.011999878778291305	0.011999878784195967	0.011999878816216843	0.011999878784246416	0.011999878784246522	0.011999878784243068	0.011999878784234289
0.01199989027358547	0.011999890273585148	0.011999901174207479	0.011999890273565529	0.01199989026383917	0.011999890273552765	0.011999890273580144	0.011999890273582453	0.011999890273585657	0.011999890273585416	0.011999890273227473	0.011999890273584725	0.011999890273585653	0.011999890272214837	0.011999890273493193	0.011999890302458342	0.011999890273585178	0.011999890273585542	0.011999890273582392	0.011999890273567931
0.012000005817683984	0.01200000581768425	0.01200000581798254	0.012000005817684088	0.012000005817684001	0.012000005817683911	0.012000005817683713	0.012000005817683998	0.012000005817683818	0.01200000581768386	0.012000005817684144	0.012000005817683939	0.01200000581768407	0.01200000581768397	0.012000005817683915	0.012000005817684659	0.012000005817684274	0.012000005817683975	0.012000005817684227	0.012000005817684052
0.01200000031750215	0.012000000317501966	0.012000000860803422	0.012000000317501893	0.012000000312406984	0.01200000031750183	0.012000000317501994	0.012000000317501909	0.01200000031750188	0.012000000317501917	0.012000000317501772	0.012000000317501997	0.012000000317501768	0.012000000313826423	0.012000000317501761	0.012000000318929695	0.012000000317501987	0.012000000317501902	0.012000000317502046	0.012000000317501914
0.011999772515208193	0.011999772515206723	0.011999797492902274	0.011999772515260984	0.011999772504791888	0.011999772515481486	0.01199977251521313	0.011999772515214741	0.011999772515206803	0.011999772515207074	0.011999772538959157	0.011999772515211688	0.011999772515209572	0.01199977251695924	0.01199977251751275	0.011999772581273448	0.011999772515208795	0.011999772515207785	0.011999772515221744	0.011999772515221534
0.011999655798836594	0.011999655798835716	0.01199968868086088	0.011999655798835449	0.0119996557345823	0.011999655798822203	0.01199965579883273	0.011999655798835768	0.01199965579883546	0.01199965579883638	0.011999655798835582	0.011999655798834179	0.01199965579883721	0.011999655782234752	0.011999655798839055	0.011999655886049353	0.01199965579883659	0.011999655798836247	0.011999655798838296	0.0119996557988361
0.012000004716002741	0.012000004716003466	0.012000004780304933	0.012000004716010574	0.012000004670177599	0.012000004716009604	0.012000004716004905	0.012000004716006651	0.012000004716002838	0.012000004716002778	0.012000004716263037	0.01200000471600342	0.012000004716002299	0.012000004695549888	0.012000004716047664	0.012000004716163352	0.01200000471600322	0.012000004716002724	0.012000004716015247	0.01200000471602404
0.0011975689774811318	0.0011975689849636024	0.0011753085050848903	0.0011975690314172636	0.009813690837968184	0.001197569035674127	0.0011975690103509988	0.0011975690153020748	0.001197568983386254	0.0011975689817481292	0.0011975690687496348	0.0011975690562946867	0.0011975689455187319	0.001617106863720445	0.0011975690326898553	0.0011783776595404986	0.0011975690009435997	0.0011975689953204606	0.0011975690084268286	0.0011975689923938368
0.011999829456450211	0.011999829456461747	0.011999848004162941	0.011999829456754863	0.011999829430280818	0.011999829457082868	0.01199982945651355	0.01199982945650548	0.011999829456449677	0.011999829456450676	0.011999829465389121	0.011999829456453299	0.011999829456448317	0.0119998294393008	0.011999829458198002	0.011999829507273647	0.011999829456454617	0.011999829456449382	0.011999829456559485	0.011999829456862576
2.7293891432901407e-5	2.72938928074708e-5	0.00038877760880896096	2.729390421953993e-5	6.081629388298344e-5	2.7293907264657994e-5	2.7293899965182805e-5	2.7293897761484386e-5	2.729389140957729e-5	2.7293891787505134e-5	2.729391277782293e-5	2.7293908741944912e-5	2.7293891370043685e-5	1.6294422558719115e-5	2.729390705485878e-5	7.678603720874267e-5	2.7293893758809306e-5	2.729389366762945e-5	2.7293897869252412e-5	2.7293893169696014e-5
0.011999973743914386	0.01199997374391442	0.011999976924735024	0.011999973743913251	0.011999973737907989	0.011999973743911829	0.011999973743914361	0.011999973743914524	0.011999973743914625	0.011999973743914448	0.011999973743881728	0.011999973743913941	0.011999973743914604	0.011999973739789005	0.011999973743906649	0.011999973752292298	0.011999973743914583	0.01199997374391433	0.011999973743913704	0.01199997374391227
0.011999984152996291	0.011999984152996336	0.011999986402664878	0.011999984152995139	0.011999984143711517	0.011999984152993767	0.011999984152996003	0.01199998415299611	0.011999984152996326	0.011999984152996048	0.011999984152967842	0.011999984152996083	0.011999984152996178	0.011999984151568593	0.011999984152990075	0.011999984158892705	0.011999984152996222	0.011999984152996506	0.011999984152995951	0.011999984152995356
0.011999904751076759	0.0119999047510768	0.011999914430589946	0.011999904751042963	0.011999904735820684	0.011999904751013198	0.011999904751070396	0.011999904751074025	0.011999904751077043	0.01199990475107708	0.011999904750518205	0.011999904751076564	0.011999904751077135	0.011999904740517474	0.011999904750927106	0.01199990477680023	0.011999904751077019	0.011999904751076998	0.01199990475107831	0.011999904751052726
0.01199999004605937	0.011999990046058027	0.011999991824977154	0.011999990046026135	0.01199999002185504	0.011999990046058142	0.011999990046050329	0.011999990046055679	0.011999990046059318	0.011999990046059554	0.011999990046082184	0.011999990046056301	0.011999990046058995	0.01199999003585684	0.011999990045989156	0.011999990050735156	0.011999990046059932	0.011999990046059655	0.01199999004606388	0.011999990046051547

=== Valores de M em valor absoluto (Mp + Mm) ===
0.006000002425877161	0.006000002425877256	0.0060000024258808505	0.006000002425877157	0.006000002424691271	0.006000002425877286	0.006000002425877314	0.006000002425877258	0.006000002425877263	0.006000002425877199	0.006000002425877815	0.006000002425877159	0.006000002425877143	0.006000002424619439	0.00600000242587743	0.006000002425877893	0.006000002425877273	0.006000002425877242	0.006000002425877149	0.006000002425877273
0.00599998969265329	0.005999989692653261	0.005999989692655974	0.005999989692653328	0.005999989692642319	0.005999989692653335	0.005999989692653366	0.005999989692653343	0.005999989692653437	0.005999989692653287	0.005999989692653446	0.005999989692653246	0.005999989692653265	0.005999989689837863	0.005999989692653366	0.005999989692654828	0.005999989692653237	0.005999989692653215	0.005999989692653309	0.005999989692653283
6.235379879535057e-7	6.235379880834641e-7	6.233813519659992e-7	6.235379885407241e-7	7.31944981118027e-7	6.235379887356919e-7	6.235379884110137e-7	6.235379882166736e-7	6.23537988033832e-7	6.235379880449201e-7	6.235379883168458e-7	6.235379882880727e-7	6.235379880492524e-7	5.740501922234432e-7	6.235379879201267e-7	6.235375564594129e-7	6.235379881151975e-7	6.235379880680036e-7	6.235379880207174e-7	6.235379880960358e-7
0.005999914061975871	0.0059999140619757104	0.005999914061989272	0.005999914061975971	0.005999914061300104	0.005999914061976065	0.005999914061975915	0.005999914061975942	0.005999914061975626	0.005999914061975866	0.0059999140619801244	0.005999914061975618	0.005999914061975848	0.005999914049938354	0.005999914061977545	0.005999914061984034	0.0059999140619758015	0.0059999140619758865	0.0059999140619762074	0.005999914061976136
0.00017756222205646434	0.00017756222248005468	0.00020680664079105883	0.00017756222328132814	0.0007038150989786745	0.00017756222718151324	0.0001775622252596251	0.0001775622241189566	0.00017756222359034272	0.00017756222333125557	0.00017756222388954748	0.0001775622233792902	0.00017756222131510625	0.0003659320193782349	0.00017756222094427083	0.00022307578290071348	0.0001775622238154401	0.0001775622233686302	0.00017756222216694102	0.00017756222293244099
0.005999830263803169	0.005999830263803288	0.005999830263806972	0.005999830263803513	0.005999830259600501	0.0059998302638030465	0.0059998302638031905	0.005999830263803072	0.005999830263803052	0.005999830263803168	0.005999830263805653	0.005999830263803303	0.0059998302638029745	0.005999830247135584	0.005999830263805578	0.005999830263871694	0.005999830263803317	0.005999830263803039	0.00599983026380318	0.005999830263803475
0.005999930024979231	0.005999930024979242	0.005999930024979454	0.0059999300249793264	0.005999930022119517	0.0059999300249793126	0.005999930024979173	0.005999930024979389	0.005999930024979441	0.0059999300249792345	0.00599993002497932	0.005999930024979395	0.005999930024979305	0.005999930012853741	0.00599993002497929	0.005999930024985371	0.005999930024979306	0.0059999300249793	0.00599993002497937	0.005999930024979323
0.00599993672583648	0.0059999367258365115	0.005999936725836841	0.005999936725836517	0.005999936723360521	0.005999936725836363	0.005999936725836511	0.005999936725836525	0.005999936725836576	0.0059999367258367076	0.005999936725836499	0.0059999367258364265	0.0059999367258364595	0.005999936717136238	0.005999936725836352	0.005999936725836845	0.005999936725836581	0.0059999367258365705	0.005999936725836602	0.005999936725836583
0.006000002907271028	0.006000002907270975	0.006000002907270958	0.006000002907271073	0.006000002907270886	0.006000002907271027	0.006000002907271011	0.00600000290727098	0.0060000029072709744	0.006000002907271011	0.006000002907271172	0.006000002907271083	0.006000002907270895	0.0060000029072709345	0.006000002907270964	0.006000002907270902	0.006000002907270927	0.006000002907271003	0.0060000029072710456	0.006000002907270988
0.005999999741654648	0.005999999741654622	0.0059999997416547044	0.005999999741654525	0.005999999741666762	0.005999999741654532	0.0059999997416547175	0.005999999741654716	0.005999999741654512	0.0059999997416545995	0.005999999741654645	0.0059999997416545995	0.0059999997416546776	0.0059999997402466684	0.005999999741654599	0.005999999741654652	0.005999999741654674	0.005999999741654633	0.0059999997416545	0.005999999741654742
0.005999868115478683	0.005999868115479399	0.005999868115471619	0.005999868115462869	0.0059998681125625125	0.005999868115461295	0.00599986811547637	0.005999868115480076	0.005999868115478611	0.005999868115478639	0.005999868115481456	0.005999868115478548	0.0059998681154789235	0.00599986810113339	0.005999868115472678	0.005999868116651057	0.005999868115478694	0.005999868115479334	0.0059998681154794	0.005999868115464848
0.005999802380561681	0.0059998023805616744	0.005999802380567344	0.005999802380561513	0.005999802379990785	0.005999802380561517	0.0059998023805619295	0.005999802380561709	0.005999802380561199	0.005999802380562001	0.00599980238056168	0.005999802380560982	0.005999802380561494	0.005999802370153898	0.005999802380561774	0.005999802380559816	0.005999802380561793	0.005999802380561707	0.0059998023805617525	0.005999802380561631
0.006000002323945311	0.006000002323945291	0.006000002323954047	0.006000002323945146	0.0060000023222574125	0.0060000023239452525	0.006000002323945442	0.006000002323945313	0.006000002323945182	0.006000002323945403	0.00600000232394534	0.00600000232394495	0.0060000023239449906	0.00600000232178674	0.006000002323945371	0.0060000023239506406	0.00600000232394532	0.00600000232394538	0.006000002323945279	0.006000002323945278
0.0005987797161499155	0.0005987797632768558	0.0008989176867328853	0.0005987799142672005	0.003567633395828511	0.0005987798831444588	0.0005987798291381148	0.0005987798169422701	0.0005987796927898888	0.0005987797288231748	0.0005987799749649551	0.0005987799586345895	0.000598779717339362	0.0027660468748801886	0.0005987799047448749	0.0007056641535974914	0.0005987797765812084	0.0005987797602892572	0.0005987798051127295	0.000598779781573002
0.005999901198645975	0.005999901198645902	0.005999901198687371	0.005999901198652053	0.00599990119410394	0.005999901198650686	0.0059999011986463565	0.005999901198645854	0.005999901198645906	0.005999901198645836	0.0059999011986959245	0.00599990119864705	0.0059999011986460035	0.00599990118483213	0.0059999011986722065	0.005999901198855018	0.00599990119864611	0.005999901198646123	0.005999901198646274	0.005999901198648956
1.3645375242522997e-5	1.3645375240429279e-5	1.3645392758820132e-5	1.3645375240764722e-5	1.044470073569029e-5	1.364537525124535e-5	1.3645375250189343e-5	1.3645375241138874e-5	1.3645375240408985e-5	1.3645375240399898e-5	1.3645375240183309e-5	1.3645375240289733e-5	1.3645375239194354e-5	1.1826303636742299e-5	1.3645375246178544e-5	1.1563524497180021e-5	1.364537524071162e-5	1.364537524467058e-5	1.3645375246479264e-5	1.3645375240456514e-5
0.005999984449833835	0.005999984449833819	0.005999984449833849	0.0059999844498337	0.0059999844490768095	0.005999984449833716	0.005999984449833809	0.005999984449833802	0.005999984449833688	0.0059999844498337725	0.00599998444983366	0.005999984449833802	0.005999984449833708	0.005999984445066392	0.00599998444983397	0.00599998444983384	0.00599998444983376	0.005999984449833764	0.005999984449833788	0.005999984449833747
0.005999990416125063	0.005999990416125146	0.005999990416125997	0.0059999904161251085	0.005999990414048338	0.005999990416125009	0.0059999904161249906	0.005999990416125032	0.005999990416125052	0.005999990416125058	0.00599999041612545	0.005999990416124822	0.005999990416125003	0.005999990408876702	0.005999990416125221	0.005999990416125377	0.005999990416125105	0.005999990416125069	0.005999990416125063	0.0059999904161251155
0.005999944970030711	0.0059999449700309255	0.005999944970037351	0.005999944970030823	0.005999944966528153	0.005999944970030716	0.005999944970030694	0.005999944970030636	0.005999944970030713	0.005999944970030747	0.005999944970030891	0.005999944970030631	0.005999944970030785	0.005999944960300441	0.005999944970030785	0.005999944970032905	0.005999944970030705	0.005999944970030735	0.00599994497003082	0.005999944970030702
0.005999993759285873	0.0059999937592859105	0.005999993759288023	0.005999993759285702	0.005999993759098964	0.005999993759285709	0.005999993759285873	0.005999993759285813	0.005999993759285864	0.005999993759285811	0.005999993759286188	0.005999993759285645	0.005999993759285702	0.005999993754996356	0.005999993759285952	0.005999993759286511	0.005999993759285878	0.005999993759285767	0.005999993759285921	0.005999993759285645

=== Valores de N em valor absoluto (Np + Nm) ===
0.006000002425877123	0.006000002425877221	0.006000002425901234	0.006000002425877421	0.006000002425597414	0.006000002425877589	0.006000002425877276	0.006000002425877266	0.006000002425877139	0.006000002425877214	0.006000002425885829	0.006000002425876925	0.006000002425877024	0.006000002464589489	0.006000002425878181	0.00600000242588012	0.006000002425877242	0.006000002425877227	0.006000002425877466	0.006000002425877574
0.0059999896926533625	0.005999989692653405	0.005999989692670335	0.005999989692653489	0.005999989692623616	0.0059999896926536955	0.005999989692653318	0.005999989692653417	0.0059999896926533295	0.005999989692653195	0.00599998969265947	0.005999989692653406	0.005999989692653361	0.005999989724222344	0.005999989692653809	0.005999989692655638	0.005999989692653331	0.005999989692653386	0.005999989692653487	0.005999989692653699
6.235379880005036e-7	6.23537988016753e-7	6.235443876893817e-7	6.235379880036006e-7	6.298331235993837e-7	6.235379880268874e-7	6.235379880267861e-7	6.235379880290349e-7	6.23537988033827e-7	6.235379880318633e-7	6.235379880266652e-7	6.235379879288532e-7	6.235379879851092e-7	3.886036223546623e-7	6.23537987920781e-7	6.235378742570219e-7	6.235379880337773e-7	6.235379880172722e-7	6.235379879737523e-7	6.235379880222028e-7
0.005999914061975815	0.005999914061976006	0.005999914061999866	0.005999914061955346	0.005999914058768737	0.005999914061955217	0.005999914061975824	0.005999914061966639	0.005999914061975794	0.005999914061975864	0.005999914061970317	0.005999914061926271	0.0059999140619536595	0.005999913885727614	0.005999914061970027	0.0059999140619801765	0.00599991406197538	0.005999914061968498	0.005999914061973689	0.005999914061964595
0.00017756222367202625	0.00017756222360736679	0.00016316489255774417	0.00017756222402567714	0.00032720231961473487	0.000177562224720372	0.00017756222405628208	0.00017756222406703476	0.00017756222359015603	0.00017756222361092717	0.00017756222418772929	0.00017756222421334936	0.00017756222397058706	0.007069527952307434	0.00017756222445483341	0.0001654010402117657	0.00017756222369546084	0.00017756222392859816	0.00017756222416393685	0.00017756222385020636
0.005999830263803161	0.0059998302638033	0.005999830263809316	0.005999830263783634	0.005999830259446403	0.005999830263783359	0.005999830263802925	0.0059998302637946505	0.005999830263803255	0.00599983026380311	0.005999830263790814	0.005999830263757363	0.005999830263782363	0.005999829996525569	0.005999830263795932	0.0059998302638030535	0.005999830263802784	0.005999830263796212	0.0059998302638009544	0.0059998302637923415
0.005999930024979351	0.005999930024979169	0.005999930024979705	0.005999930024978967	0.005999930024801288	0.005999930024979041	0.00599993002497927	0.005999930024978971	0.005999930024979276	0.005999930024979328	0.0059999300249793785	0.005999930024978449	0.005999930024978945	0.005999930021657716	0.005999930024979	0.0059999300249793715	0.005999930024979273	0.00599993002497911	0.005999930024979192	0.00599993002497899
0.00599993672583659	0.0059999367258366295	0.005999936725838859	0.005999936725828302	0.0059999367238709935	0.005999936725828258	0.0059999367258365775	0.005999936725832945	0.005999936725836602	0.005999936725836517	0.005999936725831245	0.005999936725817407	0.005999936725827907	0.005999936610457552	0.005999936725833415	0.005999936725836868	0.005999936725836394	0.00599993672583362	0.005999936725835826	0.0059999367258319804
0.00600000290727104	0.006000002907271047	0.006000002907271139	0.006000002907270947	0.006000002907270943	0.0060000029072708565	0.006000002907271065	0.0060000029072711115	0.006000002907270917	0.006000002907270972	0.006000002907270981	0.0060000029072709675	0.00600000290727095	0.006000002907269283	0.006000002907270997	0.006000002907270954	0.006000002907270895	0.006000002907271064	0.006000002907271098	0.006000002907271
0.005999999741654521	0.005999999741654554	0.005999999741655455	0.0059999997416545405	0.005999999741657215	0.005999999741654491	0.005999999741654568	0.0059999997416545405	0.0059999997416546325	0.005999999741654561	0.005999999741654804	0.005999999741654412	0.005999999741654487	0.005999999744288597	0.005999999741654589	0.005999999741654624	0.0059999997416547235	0.005999999741654719	0.005999999741654504	0.0059999997416544035
0.005999868115480011	0.00599986811547051	0.005999868115793106	0.005999868115463636	0.005999868111954104	0.0059998681154740646	0.00599986811546826	0.005999868115459401	0.005999868115478644	0.005999868115478634	0.005999868115819757	0.005999868115436667	0.0059998681154548065	0.005999867953443681	0.005999868115527402	0.00599986811546602	0.0059998681154798	0.0059998681154757195	0.005999868115465235	0.005999868115467164
0.005999802380561395	0.005999802380561929	0.005999802380568778	0.00599980238051747	0.00599980237300237	0.005999802380516652	0.005999802380561205	0.005999802380542491	0.005999802380562044	0.005999802380561799	0.0059998023805303505	0.005999802380458306	0.005999802380514965	0.005999801919521807	0.005999802380543505	0.0059998023805659575	0.005999802380560663	0.005999802380545998	0.005999802380556961	0.005999802380536696
0.006000002323945288	0.006000002323945418	0.006000002323963879	0.0060000023239243985	0.006000002320043007	0.006000002323924216	0.006000002323945092	0.00600000232393629	0.006000002323945108	0.006000002323945545	0.006000002323936413	0.006000002323895999	0.006000002323922907	0.006000002164420428	0.006000002323937199	0.006000002323951919	0.006000002323944959	0.006000002323937874	0.006000002323943166	0.00600000232393348
0.0005987796984573551	0.0005987797395908423	0.000855770835432911	0.0005987798495516309	0.0018340234051903547	0.0005987798555149545	0.0005987798094950118	0.000598779797840633	0.0005987796927867108	0.0005987797175799684	0.0005987799158228238	0.0005987798809120612	0.0005987796961829891	0.04921271687920342	0.000598779881139795	0.000716518028213943	0.0005987797570583762	0.0005987797532208876	0.0005987798008476556	0.0005987797516415398
0.0059999011986459	0.005999901198645986	0.005999901198777734	0.0059999011986388105	0.00599990119678467	0.005999901198641305	0.005999901198646388	0.005999901198642221	0.005999901198645985	0.005999901198645944	0.0059999011986923804	0.005999901198623923	0.005999901198636264	0.005999901270344866	0.005999901198652563	0.005999901198661067	0.0059999011986456305	0.005999901198642718	0.005999901198645178	0.005999901198643902
1.3645375240466346e-5	1.3645375240450507e-5	1.364544882676442e-5	1.3645375240904362e-5	1.3647856346483972e-5	1.3645375240820665e-5	1.364537524041791e-5	1.364537524059232e-5	1.3645375240408675e-5	1.3645375240415138e-5	1.3645375240677507e-5	1.3645375241560967e-5	1.3645375240928003e-5	1.4148766506633348e-5	1.3645375240689462e-5	1.3645372085720391e-5	1.3645375240422125e-5	1.3645375240571894e-5	1.3645375240514272e-5	1.3645375240668044e-5
0.005999984449833844	0.005999984449833844	0.005999984449834263	0.005999984449833327	0.0059999844497419744	0.005999984449833273	0.005999984449833833	0.0059999844498334984	0.005999984449833816	0.005999984449833845	0.005999984449833634	0.005999984449832612	0.0059999844498332434	0.005999984443911805	0.005999984449833766	0.005999984449833831	0.005999984449833594	0.005999984449833659	0.005999984449833733	0.0059999844498334655
0.0059999904161249125	0.005999990416125033	0.0059999904161388935	0.005999990416117814	0.005999990414384667	0.00599999041611801	0.005999990416124932	0.005999990416121832	0.005999990416125105	0.005999990416124996	0.005999990416125733	0.005999990416107458	0.005999990416117199	0.005999990327137115	0.0059999904161225056	0.005999990416126226	0.005999990416124836	0.005999990416122411	0.005999990416124298	0.0059999904161211915
0.0059999449700307295	0.005999944970030603	0.005999944970038952	0.00599994497002875	0.005999944968828039	0.005999944970028785	0.005999944970030716	0.005999944970029977	0.00599994497003087	0.005999944970030757	0.005999944970029654	0.005999944970026225	0.005999944970028776	0.005999945018314787	0.005999944970029923	0.005999944970034228	0.005999944970030719	0.005999944970030036	0.005999944970030489	0.005999944970029479
0.005999993759285783	0.0059999937592858845	0.005999993759288154	0.005999993759274053	0.005999993757219236	0.005999993759273864	0.0059999937592857865	0.005999993759280764	0.005999993759285952	0.005999993759285942	0.005999993759277693	0.005999993759258269	0.005999993759273404	0.005999993628989357	0.005999993759281022	0.005999993759286917	0.0059999937592855376	0.005999993759281676	0.005999993759284509	0.005999993759279107

=== Valores de P em valor absoluto (Pp + Pm) ===
0.011999766389385564	0.011999766389385564
0.011999743400933372	0.011999743400933372
5.449138823524796e-6	5.449138823524796e-6
0.011999613738995184	0.011999613738995184
0.000818289624485057	0.000818289624485057
0.011999465805433696	0.011999465805433696
0.011999640692136968	0.011999640692136968
0.01199965094774547	0.01199965094774547
0.011999765817463271	0.011999765817463271
0.011999760424550343	0.011999760424550343
0.011999533856247586	0.011999533856247586
0.011999429366970737	0.011999429366970737
0.011999766577617244	0.011999766577617244
0.0012833151369002803	0.0012833151369002803
0.011999591605823591	0.011999591605823591
0.24324468670290897	0.24324468670290897
0.011999733863904228	0.011999733863904228
0.01199974528670612	0.01199974528670612
0.01199966667044817	0.01199966667044817
0.011999750670546311	0.011999750670546311

=== Valores de T em valor absoluto (Tp + Tm) ===
0.048773933325329345	0.04877393332332705	0.04877419938969452	0.04877393332000089	0.048822657950837026	0.048773933322818395	0.048773933321085164	0.0487739333247139	0.04877393332681157	0.048773933325991704	0.04877393332152852	0.04877393332276131	0.04877393331657109	0.04885945097681998	0.04877393331770978	0.04877393281826254	0.048773933325685734	0.048773933325078886	0.04877393332290689	0.048773933323588564
0.04877527447224239	0.04877527446985995	0.048775591196410284	0.048775274465982246	0.0488806620324921	0.04877527446958062	0.04877527446732477	0.0487752744715856	0.04877527447412366	0.04877527447311071	0.04877527820608352	0.04877527446919917	0.04877527446172154	0.04877664524395412	0.04877527446365995	0.04877527422442812	0.04877527447275795	0.04877527447209515	0.048775274469335175	0.048775274470282515
0.0487739333253296	0.048773933323327245	0.04877419938971361	0.048773933320000615	0.04882265795083602	0.04877393332281839	0.04877393332108546	0.048773933324714025	0.04877393332681169	0.04877393332599192	0.04877393332152894	0.04877393332276067	0.04877393331657134	0.04885945097681808	0.048773933317708844	0.04877393281826734	0.048773933325686046	0.048773933325079066	0.04877393332290693	0.04877393332358882
0.04877527447224264	0.04877527446986016	0.04877559119641072	0.04877527446598255	0.048880662032492465	0.04877527446958087	0.04877527446732488	0.04877527447158592	0.048775274474124025	0.04877527447311109	0.048775278206083836	0.04877527446919945	0.04877527446172174	0.04877664524395421	0.04877527446366027	0.04877527422442837	0.04877527447275831	0.04877527447209552	0.04877527446933544	0.04877527447028277
4.5751419919805155e-5	4.57514223507141e-5	0.9991030122610888	4.5751442718831894e-5	4.6932173561831374e-5	4.575144507316368e-5	4.575143220579505e-5	4.5751430921427064e-5	4.575141981560839e-5	4.575142054034142e-5	4.5751459293221575e-5	4.57514574230997e-5	4.575141928292888e-5	3.938551159993626e-5	4.575144622227288e-5	5.577149277324156e-5	4.5751423911367295e-5	4.575142276240004e-5	4.5751429890838947e-5	4.5751423011948436e-5
4.575141998592865e-5	4.575142241683735e-5	0.999103012261055	4.575144278495474e-5	4.693217354791505e-5	4.575144513928774e-5	4.57514322719143e-5	4.575143098754877e-5	4.5751419881656695e-5	4.5751420606464916e-5	4.5751459359349105e-5	4.5751457489222195e-5	4.575141934905333e-5	3.938551047437531e-5	4.5751446288395626e-5	5.5771492908634934e-5	4.575142397749194e-5	4.5751422828524556e-5	4.575142995696352e-5	4.575142307806965e-5
0.034598441526987184	0.034598441546587116	0.03459780982181053	0.0345984417514138	0.034603549025152835	0.034598441616353684	0.03459844156264797	0.03459844169101793	0.034598441520609785	0.03459844152635921	0.034598441445632955	0.034598442884183137	0.03459844151801243	0.034598289392197654	0.03459844141692604	0.32536068589397527	0.034598441562528975	0.03459844156035803	0.034598441651023444	0.03459844152971435
0.034598441526987725	0.03459844154658784	0.034597809821810835	0.0345984417514144	0.03460354902515318	0.03459844161635386	0.034598441562648324	0.03459844169101823	0.03459844152061055	0.03459844152635959	0.03459844144563294	0.034598442884183275	0.03459844151801249	0.034598289392198084	0.03459844141692649	0.32536068589397565	0.03459844156252945	0.03459844156035853	0.03459844165102372	0.034598441529714904

=== Valores de Z em valor absoluto (Zp + Zm) ===
292.6538982919313	292.65389843803354	292.6538982919313	292.65389843803354	292.6538997585002	292.6538997585002	292.6538971645339	292.6538971645339
292.65389707326943	292.65389865762694	292.6538970732694	292.65389865762694	292.6539004023057	292.6539004023057	292.6538979019663	292.6538979019663
292.6534030312085	292.65342402261996	292.6534030312085	292.65342402261996	292.6555609430279	292.6555609430279	292.6533931958742	292.6533931958742
292.653865832978	292.6538650290666	292.653865832978	292.6538650290666	292.6539848474409	292.6539848474409	292.6538866846903	292.6538866846903
292.9501085307713	299.0074409309279	292.9501085307712	299.0074409309279	292.6401501293988	292.6401501293988	292.63743260128285	292.63743260128285
292.653869480879	292.6539042975706	292.653869480879	292.6539042975706	292.65397071024967	292.65397071024967	292.65385884782324	292.65385884782324
292.65389278891973	292.653901664337	292.65389278891973	292.653901664337	292.6538934527516	292.6538934527516	292.65390738033534	292.6539073803353
292.65389452305914	292.6538948047099	292.65389452305914	292.6538948047099	292.6538928516742	292.6538928516742	292.65391269321117	292.65391269321117
292.6538988917332	292.6538996191239	292.6538988917332	292.6538996191239	292.6538998392572	292.6538998392572	292.65389626502076	292.65389626502076
292.65389833798656	292.6538984550309	292.65389833798656	292.6538984550309	292.65389764691446	292.65389764691446	292.65389909715844	292.65389909715844
292.6536298348832	292.6537396632898	292.6536298348832	292.6537396632898	292.6546242312798	292.6546242312798	292.6536790373787	292.6536790373787
292.6538808823079	292.6538801647105	292.6538808823079	292.6538801647105	292.65388983828916	292.65388983828916	292.6539482601621	292.6539482601621
292.65389586607864	292.6539046641217	292.65389586607864	292.6539046641217	292.65390035050024	292.65390035050024	292.65389331482254	292.65389331482254
299.83195890368575	297.95754186033366	299.83195890368575	297.95754186033366	292.62644324598904	292.626443245989	292.62079062687064	292.62079062687064
292.6538143983912	292.65392807565036	292.6538143983912	292.65392807565036	292.65401148305756	292.65401148305756	292.6538681876699	292.6538681876699
292.6512181783098	292.65156051719873	292.6512181783098	292.65156051719873	292.65120484932277	292.65120484932277	292.6629247457176	292.6629247457176
292.65389814455347	292.653898230422	292.65389814455347	292.653898230422	292.6538954564124	292.6538954564124	292.6539018614943	292.6539018614943
292.65389651355906	292.6538977564238	292.65389651355906	292.6538977564238	292.6538992464972	292.6538992464972	292.65390082110014	292.65390082110014
292.6538900663208	292.65389330985977	292.6538900663208	292.65389330985977	292.65388935596303	292.65388935596303	292.65392384087534	292.65392384087534
292.6538789031303	292.6538772379205	292.6538789031303	292.6538772379205	292.65395491031876	292.65395491031876	292.65388722585794	292.65388722585794

