=== Resultados da otimização (versão simétrica) ===
Status: OTHER_LIMIT

=== Matriz F (Poliedro) ===
0.006973040071976314	0.06296189913576375	-0.0009507909513852219	0.004587495305553967
-0.0010770068328788836	0.0015533316669991471	0.003208579719090714	0.0002853351689969832
-0.0808670226431395	-0.4058253127069966	0.04266947210208917	-3.0447172231226896
0.9974109400860559	1.247323863068891	-0.035935782005797126	0.6097202945154678
-0.0007269573946675616	-0.0007956908810634162	0.0033624655984352244	-0.0007743446799091559
-1.902715706201235	-2.0270576072049886	0.07199151043832028	-2.0062221163838725
-0.000956491717813827	0.0012596193428279065	0.00325159095228087	6.5019006180033e-5
0.017195579071190514	-0.021858480772025547	-0.0014677777386970753	-0.002899976984523959
0.01841789813958593	-1.6160405566319462	0.02742706124047072	-0.5767293859896193
0.00646112027461873	-0.060022402701007456	0.0014207036916622775	-0.061868230920560284
-0.002628941993959603	0.300170888853223	-0.007083431034060333	0.27444139779180426
-0.0022417922711802894	0.003454011545779833	0.0029244984810235784	0.0014369463354187684

=== Matriz G (Ganho do controlador) ===
-0.6627050085650911	-0.7054498751878289	0.027222844885260358	-0.6990920354745698

=== Matriz K (Variável auxiliar) ===
-0.13118948008222248	-0.13857644276801587	0.005261575961122437	-0.13684601806026991
-0.002280231144110802	-0.001828680853902225	1.7102168303298107e-5	-0.0052817640632076435
-0.019748264881213357	-0.023515374672670057	0.0008971973290527017	-0.7031516277939959
-0.00026501790305884405	-0.0004254638592591489	2.514035735761259e-5	-0.009500223736957015

=== Matriz J (Pseudo inversa) ===
-69.75442336826339	106.44596767410549	794.658430979169	-4424.327487542766	-1844.465549401346	-2359.7410925792133	218.10398656192564	-10.83322033362915	-651.9973069890647	-0.41637563209157946	20.6682044665342	27.48142602858869
22.41744305221693	17.487823292565924	1010.0181375915022	-585.4062636742597	-328.2148408219132	-345.31105868075014	31.7369368616874	26.25939201768397	2594.754917482468	76.45635456002235	15450.825661528266	-34.4031790326767
-10529.542167504002	0.2985378613071227	-11.449735383372696	-293.2205829819103	75.10332958815114	-287.3327033473706	5.887956192336847	10.073676149150558	-1101.3428511216732	-29181.759414968634	-10292.91581201072	42.327743430346494
-18188.09886473155	9.470560972705789	242.89129483505815	-649.1774835384117	-324.276813357868	-424.88269278274134	33.57767247150582	-15.295856556916787	-802.5070123684606	-83.81902361661727	-367.8792287970966	18.504971277881392

=== Matriz H (Farkas - diferença Hp - Hm) ===
0.000570505097799814	-0.00036902206450258566	0.007587558440922775	0.004857547848306517	-0.00040368983848912063	-0.002171029872175186	-0.0003760935734610192	-1.5747411682713944e-5	-0.03230278378249213	-0.0004253438330061778	0.002099610703614316	-0.00031914695737524784
9.62206483596411e-6	0.010562046010090358	-0.00010080139639505949	-0.0001654656856002274	0.9430963295373264	2.388639754968632e-5	0.0016637172177423254	7.5339001466718e-5	-0.0005470962269397684	-1.6929062002452326e-5	6.87823028613336e-5	0.00262227188552322
2.9047819039221267e-10	-3.784972333788694e-8	0.9890078538027548	-1.9032709007739822e-9	-3.9292072369357645e-8	7.217716945075041e-8	-3.828775487304134e-8	-9.275244749403133e-9	6.612001010024748e-9	1.6062000258585631e-9	-6.558908891851373e-9	-3.489370575318182e-8
1.167245962566197e-8	-1.5642006083932495e-5	0.021648974469232675	0.8758483067783523	-0.03934276401868139	-2.7142132755420136e-6	-2.280517735410091e-5	-1.497611583192286e-7	3.4385286669351936e-8	2.311104851421511e-8	-6.916496732236527e-8	-4.575760829738219e-6
-6.542060389108042e-9	3.274873152603453e-7	-1.034781959265764e-6	-1.79706790761814e-7	0.9857405955311437	3.5198174303247686e-8	4.182708370490199e-7	1.2464951289578064e-7	0.00101659277567807	2.3590610285970808e-9	-3.327036616395333e-8	1.7411845499814508e-7
2.947502258395887e-7	-0.00016697780818858947	-8.403773873405164e-6	-1.8335760460813916e-6	-0.004293156265926112	0.8682075860660606	-0.00023714761953319842	-3.141099496833351e-6	-0.01924029152224419	-4.761062066007787e-7	2.1653964783420097e-6	-5.084002525925691e-5
5.159526569977477e-6	0.004621265544256052	-5.316370790306824e-5	-8.581792345073866e-5	0.9563099140750209	1.5114922128058717e-5	0.006740323093374059	3.3148818211639475e-5	-0.00030399344877889866	-8.831995690456107e-6	3.602374717177449e-5	0.0013505435939651117
-0.00022164546204820126	-0.12004497199170173	0.0009808471697544561	0.004918823331116912	-0.2052744815303062	-0.004201469282895087	-0.14221144908649686	0.0033166163594819894	0.02237326708164706	0.00037539759421393107	-0.0015311080446279348	-0.00828498811427435
-2.470555090133797e-8	5.282691905150337e-7	-2.0677263397464415e-5	-0.05168115815743942	5.666941034949249e-7	1.134828419939647e-6	5.388299438706672e-7	-1.804992823311139e-7	0.9351979611265812	7.877286161340232e-9	-5.4204298264093355e-8	4.6302233318271005e-7
-0.00042229337499263137	-0.000940277358236109	0.014696660641867244	0.0009056830152243643	-0.0009466429638588687	-0.0016613158260850303	-0.0009466222722005185	0.0008097153604909226	0.03526728320505376	0.0007212740070924335	-0.0032238958774866	-0.0009005368854094493
0.00042397513303967047	0.0013015542278422398	-0.05630794943648804	0.0006494453330914063	0.0013208396120449467	-0.002558822814493081	0.001312415903380236	-0.0009679270757454147	-0.1630787627421834	-0.0007697942571147035	0.0035349450446424957	0.0012309466028460458
3.4698014855852875e-5	0.14151236845232498	-0.00036085131233417396	-0.0007182460935775055	0.5208330213573438	0.0001824748903860486	0.21946534497718914	0.00034929087833058495	-0.001882723205589419	-6.300541330611208e-5	0.0002534256885022106	0.009229698595019759

=== Matriz L (Farkas - diferença Lp - Lm) ===
1.0720241091638494e-6	-3.389693993906956e-6	0.0001431296856108464	2.072194901410647e-5	-3.4880032626898733e-6	1.1079957949532843e-5	-3.4206109915807525e-6	2.12164643873837e-6	1.3042582246748646e-6	2.2562750980857638e-6	-8.628610077639556e-6	-3.1725024562875848e-6
-9.421615666036724e-6	0.0021715906674099205	-0.0007319300348645055	-0.00021468131482149286	0.00209175305758567	-0.00011920656797332458	0.002378381429884299	-8.446239222604195e-5	0.0001275641341500846	-2.7594805668796035e-6	1.9292106240188377e-6	0.0013122909767760006
8.662482092460187e-10	-3.778305187605317e-8	6.710311261302818e-7	3.365364006447501e-8	-3.9231910275329934e-8	-8.393622161286989e-9	-3.82184897916923e-8	-8.042896062834639e-9	-3.828616725646289e-9	1.3552869536903497e-9	-4.635050184430407e-9	-3.4847313686725316e-8
4.752787998472364e-9	-1.5613433041437938e-5	0.005694281703666355	8.579064859888809e-7	-0.001999485060324649	-2.1308651732636526e-7	-2.2777649036186485e-5	-1.6362276289022146e-7	1.6031243427244621e-7	2.5758420541788928e-8	-8.992992530542034e-8	-4.560048493475132e-6
-6.462761967214769e-9	3.2731301178986347e-7	-0.0008028664867189581	-7.964729211287752e-8	0.0022906143456501655	3.6353678671362317e-8	4.180405043901739e-7	1.250117978458205e-7	0.00015103396906004815	2.4176868363121585e-9	-3.325682933248448e-8	1.7403070908504116e-7
2.8377541442559986e-7	-0.0001476512014719837	-0.009351983351374042	1.305115356026523e-6	-0.0009965559895022756	3.348016516452685e-6	-0.00019892792519039015	-2.4500381473647792e-6	-9.797034996583871e-5	-4.917003012761201e-7	2.3144829806449005e-6	-4.95484162546141e-5
-7.1196194519207315e-6	0.002166770231633912	-0.0007573871760922233	-0.0001296613695672307	0.0023507931965537745	-7.282385042602755e-5	0.002590632757288192	5.755271979451278e-6	0.00013716056034133566	3.427612056593687e-7	-7.397842517806657e-6	0.0009766138650457936
4.5206851594491865e-6	-0.0008912491715549154	0.0002905571005314706	0.000532318855482352	-0.0008532894626858767	0.00029219258207729623	-0.0008985403020410178	0.00070711386389684	-2.5258447019125933e-5	2.4111925188263945e-5	-5.7172970991287674e-5	-0.00080244008662427
-2.3021243349921023e-8	5.323350216193607e-7	-0.0029474102954374585	-6.68543211660671e-7	5.713971186867666e-7	1.5768500233149318e-7	5.43095371982581e-7	-1.7730527540444302e-7	5.511479500092608e-6	8.190649278187055e-9	-5.1671947389774235e-8	4.658949894435996e-7
-5.128051571677561e-7	-1.0434184334795829e-5	-7.153173724642158e-5	-7.068945911034227e-6	-1.0812641282982247e-5	-3.703508332125391e-6	-1.0562365175666166e-5	5.348160710296271e-6	-6.694905667833928e-7	-1.0715010920845508e-6	4.213958787640734e-6	-9.580252610112e-6
3.4774146849356896e-6	2.4282245003487586e-5	0.0004726749665115229	5.87962737730683e-5	2.5197085609670634e-5	3.120992202582627e-5	2.4593870848785282e-5	-1.2199624135950451e-5	4.1699357357580236e-6	7.273885266122042e-6	-2.815322306445444e-5	2.2213357100803882e-5
-1.2333911917818173e-5	0.0017886539998558338	-0.0006156929833423905	-0.0004966801997182832	0.0017755260403464713	-0.0002748294663850048	0.0018211921001082842	-0.0006867715829635519	9.512860037377315e-5	-1.4859314776639854e-5	4.080714726840051e-5	0.0015597371007726106

=== Matriz M (Farkas - diferença Mp - Mm) ===
-2.6161394819229633e-7	-3.163056324812126e-5	2.7491402655455133e-6	7.858574564775442e-6	-3.270028797356349e-5	4.3205678910245016e-6	-3.1991045241434174e-5	1.7719838096574153e-5	9.664382955867912e-6	5.593615172473643e-7	-2.107883306921854e-6	-2.924048902055998e-5
1.1706147028827697e-8	2.1655806823969053e-6	-2.1928251010106632e-7	-4.93974417601305e-7	2.228828553023669e-6	-3.594884663652982e-7	2.1845745439754024e-6	-1.830162982008614e-6	-4.330981091005292e-7	-3.2345954771248204e-8	1.1083151251780037e-7	2.0409975733417227e-6
1.793210569976847e-9	2.3843478131533674e-7	-6.45754693317102e-5	-2.5459650558522956e-7	2.868827617487702e-7	1.0780181227537736e-5	2.51760726871962e-7	3.553154265193194e-8	-0.00010481069858941561	-5.443510342533498e-9	2.198558254144091e-8	1.7532648123542605e-7
-1.862182696866984e-8	-1.6456138741333556e-5	0.0006940020975180751	3.3529890733497407e-6	-0.016716495925031577	-8.429267977965361e-5	-2.440886067967051e-5	-9.091467499300108e-8	0.001208779765461407	5.612443158300884e-8	-2.3080935777986142e-7	-4.703375750562569e-6
1.1825473044866617e-9	7.989691506911312e-11	-4.729369345630712e-8	4.410386998489633e-8	3.737644302837025e-11	-1.10879432052607e-7	7.551027144633527e-11	-1.3709984436995339e-10	-3.3278484971297787e-8	-1.6462463434959602e-9	8.263984964956737e-9	1.0050703443145294e-10
2.2164940704548048e-7	0.00019273783275488852	-0.0013251197139956107	-3.6035290080497386e-5	0.03149550528958047	0.00015028868922604158	0.0002848181693627372	1.1185424288472965e-6	-0.002302939442823906	-6.611400433051309e-7	2.7210931698658356e-6	5.5681334375906166e-5
6.385210949821224e-9	1.6850420056655695e-6	-1.5231852588994403e-7	-3.7195795186452125e-7	1.7356067030198776e-6	-3.0788892021050684e-7	1.6990359638771114e-6	-1.5511987479530987e-6	-2.8580521790140447e-7	-2.076576644167473e-8	7.041853024414399e-8	1.5779145353723197e-6
-1.6781389967262042e-6	-6.469371078144347e-5	8.996135251844277e-6	1.385579752145611e-5	-6.646366657379627e-5	6.102551395967097e-6	-6.532408395951757e-5	4.7568530160889584e-5	1.8592534538865862e-5	2.871481086969517e-6	-7.51708106508462e-6	-6.184577100295553e-5
2.3170949674737727e-8	1.0103902798508021e-6	2.584788586851877e-5	4.388630602034871e-7	1.1320776382948722e-6	-1.6358407001550916e-5	1.046177778143518e-6	-2.1067014365831036e-7	-1.0240658672197722e-5	-1.1581762778417708e-8	6.113012061763713e-8	8.13216492901196e-7
-1.6218933251641032e-7	-2.1910114669641823e-5	3.649489694142541e-6	6.1299718144714604e-6	-2.2652791173579517e-5	2.3082851771608764e-6	-2.2157332778547853e-5	1.2174244221816594e-5	6.642925298819616e-6	4.15104837694219e-7	-1.5548216964460931e-6	-2.0239311989422165e-5
-1.1893553603179591e-7	-8.39405283762501e-6	-3.726387454688028e-6	3.3312915671823706e-7	-8.670436323037281e-6	2.8843513391468845e-6	-8.492424969496794e-6	4.991817364132303e-6	2.72252208705602e-6	7.892790636516989e-8	-3.221977735870865e-7	-7.798727770788778e-6
8.633608279641145e-8	6.7850066141479605e-6	-8.391878824202167e-7	-1.7186001693757311e-6	6.981876629317185e-6	-8.984447595119247e-7	6.844855978097204e-6	-4.8081342354619645e-6	-1.8526325403251265e-6	-1.6617593128626096e-7	4.7078066250298527e-7	6.371311589423233e-6

=== Matriz N (Farkas - diferença Np - Nm) ===
-8.053959181693326e-8	3.0065172431035722e-5	6.773042763110609e-6	-3.692046766336915e-5	3.107879586900994e-5	5.3070236191957165e-5	3.040460146334044e-5	-1.720282604771549e-5	-4.786005117272604e-6	-4.297426408721161e-7	8.134812855848522e-7	2.781923341705142e-5
4.969786907417333e-9	-2.073232492915279e-6	-4.888175974772824e-7	2.659850522937306e-6	-2.133546540365565e-6	-3.766493983930195e-6	-2.0909977012636212e-6	1.7405630881502923e-6	3.334871051138247e-7	3.198514182011685e-8	-5.60381917789096e-8	-1.9544945857665765e-6
-3.862003338008123e-9	-1.9929528885431984e-7	-4.68851829252166e-7	8.813379729065245e-8	-2.302189106105131e-7	-0.0008070150360735646	-2.0809893112216164e-7	-2.9441670658146665e-8	8.714065253978801e-7	3.1933533303543895e-9	-1.2271078329067967e-8	-1.54265551571553e-7
3.090732214440491e-8	1.629313184095139e-5	5.495292704688676e-6	-6.89303076638136e-7	0.017196435418445132	0.009335398661862669	2.415996787989385e-5	8.967243285452759e-8	-1.0429914682534353e-5	-2.7243677180331642e-8	1.1028002137328427e-7	4.661600974078628e-6
6.038502797213962e-10	-1.5182345711285109e-10	-2.069322165122888e-8	7.609926062045618e-8	-1.4158551667851624e-10	-2.1074525096627026e-6	-1.4667055039168123e-10	1.1211250626993085e-9	-4.681541015431595e-9	1.5076399831634008e-11	1.7285268849152877e-9	-2.109552280920859e-10
-2.637861993460997e-7	-0.00018935526689939965	-1.2257846176289839e-5	1.0693048759913661e-5	-0.03242572250608137	-0.017758516379078382	-0.00027816594642539	-1.2019045080464726e-6	2.0353270556800135e-5	2.839186631435293e-7	-1.083132292357368e-6	-5.509148233244387e-5
4.5586196178841205e-9	-1.6185082999845381e-6	-3.8279058130479167e-7	2.082422760962669e-6	-1.6657003107566559e-6	-2.9598831846041685e-6	-1.6307586954714343e-6	1.4666801194023003e-6	2.590861996458222e-7	2.38311957590138e-8	-4.184148787801699e-8	-1.5151608358122536e-6
8.577456044808751e-7	6.159996214264492e-5	1.3990848886084872e-5	-7.518769035828529e-5	6.33205153964091e-5	0.00011205364039772528	6.223774417075684e-5	-4.504720137771517e-5	-8.94435787424444e-6	-2.284492438952429e-6	4.340538559565246e-6	5.8980654332601266e-5
-2.8407092510755163e-9	-1.0493849419564912e-6	-1.5618272992628875e-7	6.585380439001803e-7	-1.1861104183271672e-6	-6.032615457034027e-5	-1.087959896605883e-6	2.1710206374331752e-7	1.468393441358433e-7	6.0088007564572e-9	-1.7067990517374336e-8	-8.388620355787439e-7
-5.598574844348225e-8	2.0909222184638254e-5	4.707927433900139e-6	-2.5664234952777615e-5	2.1616479942587752e-5	3.68813652017741e-5	2.1143761120626103e-5	-1.1864320730225683e-5	-3.329053512366245e-6	-2.9871881607190787e-7	5.657284651728461e-7	1.9332270659340803e-5
-2.087284646078852e-8	7.763425483778459e-6	1.7555500557387901e-6	-9.567725626808896e-6	8.016564346319255e-6	1.3778150679292708e-5	7.852017754789858e-6	-4.730529023064603e-6	-1.233893547326198e-6	-1.1138258787252858e-7	2.1005796768495955e-7	7.222298489581447e-6
-1.9023348909368368e-8	-6.479142141526078e-6	-1.4865981572073379e-6	8.079800316187265e-6	-6.666738653557597e-6	-1.163154221268752e-5	-6.53534499943213e-6	4.5989781626962125e-6	1.0183686235396613e-6	1.4270080934898795e-7	-2.1323501337398854e-7	-6.084238623959627e-6

=== Matriz P (Farkas para E - diferença Pp - Pm) ===
0.0	0.0
0.0	0.0
0.0	0.0
0.0	0.0
6.617444900424222e-24	-6.617444900424222e-24
0.0	0.0
0.0	0.0
0.0	0.0
0.0	0.0
0.0	0.0
0.0	0.0
0.0	0.0

=== Matriz T (Inclusão em S - diferença Tp - Tm) ===
-0.0009347056641404519	0.03068627336244878	0.01482315467158438	0.002783246862805462	0.13585168168929354	-0.03411380190130968	0.031347774403523244	-0.02059430158295709	0.040329369604573256	0.0013422590400293394	-0.006069318938039303	0.028757598772278195
0.00113043075440028	0.03284716335046586	0.00945177862213692	-0.002863065107094557	0.15237956159220492	-0.0026446855750041874	0.033801277307951405	-0.02291465479255053	-0.04110646526163414	-0.0011984496419779611	0.0051986327176170785	0.030749496774621434
0.0009347056641404589	-0.030686273362449643	-0.014823154671584435	-0.0027832468628051915	-0.13585168168929035	0.03411380190130983	-0.031347774403524084	0.020594301582958434	-0.040329369604573256	-0.0013422590400293394	0.006069318938039303	-0.028757598772279146
-0.0011304307544002662	-0.032847163350465294	-0.00945177862213687	0.002863065107094366	-0.15237956159220672	0.00264468557500408	-0.03380127730795099	0.022914654792549557	0.041106465261634126	0.0011984496419779542	-0.005198632717617037	-0.0307494967746208
6.701268046461324e-8	3.466243987872055e-5	-1.0969885241576713e-7	7.08049302641924e-7	0.9994925025904996	-0.00038166735797354835	5.1540917249783565e-5	3.347050021241029e-7	-1.2640212607341091e-5	-7.235853150679565e-8	3.374333195116044e-7	9.790659725063122e-6
-6.701268028195789e-8	-3.4662439873808535e-5	1.0969885181684633e-7	-7.080493016858366e-7	-0.9994925025903192	0.0003816673579739495	-5.1540917230967975e-5	-3.347049987414153e-7	1.2640212610091871e-5	7.235853129019758e-8	-3.374333184556837e-7	-9.790659729019249e-6
-0.00010930362916908992	0.01596146148214933	-0.006026657802835379	-0.005300631563828977	0.020238038756143197	-0.0026570768731599553	0.016283627627224913	-0.011121054132945049	0.0010138903503360552	-0.00013000228108452083	0.00031058418487771994	0.015010121354000691
0.0001093036291691038	-0.015961461482149324	0.006026657802835386	0.005300631563828942	-0.020238038756143405	0.0026570768731599276	-0.016283627627224892	0.011121054132944896	-0.0010138903503360483	0.00013000228108452777	-0.000310584184877713	-0.015010121354000518

=== Matriz Z (diferença Zp - Zm) ===
0.052297800539818695	0.4722142435182093	-0.052297800539818695	-0.4722142435182093	-0.1426186427056706	0.1426186427056706	0.11468738263732092	-0.11468738263732092
-0.008077551246593373	0.011649987502494241	0.008077551246593373	-0.011649987502494241	0.48128695786372333	-0.48128695786372333	0.00713337922489643	-0.00713337922489643
-0.6065026698235982	-3.0436898453025023	0.6065026698235982	3.0436898453025023	6.400420815271389	-6.400420815271389	-76.11793057798369	76.11793057798369
7.48058205064514	9.354928973015994	-7.48058205064514	-9.354928973015994	-5.390367300705172	5.390367300705172	15.243007362797925	-15.243007362797925
-0.005452180460018496	-0.005967681607977227	0.005452180459990075	0.005967681607977227	0.5043698397655376	-0.5043698397655376	-0.019358616997728006	0.019358616997728006
-14.270367796508754	-15.202932054036232	14.270367796508754	15.202932054036232	10.798726565433853	-10.798726565433853	-50.1555529094137	50.1555529094137
-0.007173687883607727	0.009447145071206364	0.007173687883607727	-0.009447145071206364	0.4877386428423094	-0.4877386428423094	0.0016254751544693136	-0.0016254751544693136
0.12896684303392902	-0.1639386057901504	-0.12896684303392902	0.1639386057901504	-0.22016666080462954	0.22016666080462954	-0.072499424613099	0.072499424613099
0.1381342360468878	-12.120304174739243	-0.1381342360468878	12.120304174739243	4.114059186040073	-4.114059186040073	-14.418234649701414	14.418234649701414
0.04845840205963725	-0.45016802025755	-0.04845840205963725	0.45016802025755	0.213105553748683	-0.213105553748683	-1.5467057730119436	1.5467057730119436
-0.019717064954697605	2.251281666399116	0.019717064954697605	-2.251281666399116	-1.062514655101971	1.062514655101971	6.861034944783974	-6.861034944783974
-0.016813442033857484	0.02590508659334745	0.016813442033857484	-0.02590508659334745	0.4386747721530284	-0.4386747721530284	0.03592365838546385	-0.03592365838546385

=== Valores de H em valor absoluto (Hp + Hm) ===
0.019056613811907493	0.019045754947638223	0.02169336895940282	0.020206310448836168	0.019047025118351726	0.019284236366888127	0.01904598109751692	0.01903830161729761	0.04319696272586687	0.019049033450533916	0.019268338236162905	0.019044240419361997
0.0005056151722425921	0.010817325657588195	0.0004995892626714444	0.0005459988408405518	0.94334852906191	0.0004835608522548722	0.0019180706222558775	0.0002302612247978384	0.0008484206423287676	0.0005055379762442791	0.0005115882219194792	0.0028837243972409245
2.902732501846507e-8	4.016648439185079e-8	0.989007825787975	3.040664599015907e-8	4.0920113257102205e-8	6.417564336717053e-8	4.039280235463517e-8	6.025505524433771e-8	2.9892110918356896e-8	2.9040457232332843e-8	2.9346023962084484e-8	3.8730778910598045e-8
8.859291438105917e-7	1.6090254015646025e-5	0.02164941176366375	0.8758487512404186	0.039343206449104454	3.181170682867703e-6	2.3251592181908454e-5	4.086437286585622e-7	8.776408722232631e-7	8.857324946432368e-7	8.875744274954656e-7	5.037307929735457e-6
-1.162147306371973e-7	8.142012291847577e-8	8.447706154967843e-7	5.049045874816222e-9	0.9857403447768373	-4.260008623923972e-9	1.7070208457594561e-7	5.649918705942551e-8	0.001016342014910981	-1.1624750690197283e-7	-9.786456060617317e-8	-6.167711189387208e-8
1.047329012166333e-5	0.00017228568703838706	1.4733006124099914e-5	1.0558485058824693e-5	0.004298393631527861	0.8682125783527009	0.00024243562128747244	3.3489859623789525e-6	0.01924551366385888	1.0477346383015766e-5	1.0842084548341692e-5	5.6284939478742914e-5
0.0002619642997432796	0.004753880572230795	0.0002642880693009929	0.0002837982164886876	0.9564409327774654	0.00025303694604283	0.006872457328103493	0.0001257135023682233	0.0004590632135287566	0.0002619308991993419	0.00026532613188728904	0.0014863647961607955
0.010261001664208033	0.12541857130073358	0.00962681669241857	0.012130810993284925	0.21058942596351138	0.011773533499849055	0.14756859834848124	0.009357331360978433	0.028167464827419615	0.010258491969972198	0.01040899316149138	0.013767930694469063
5.012300547747597e-7	8.317663570243635e-7	2.093129775011328e-5	0.05168140552723479	8.668240456057598e-7	1.4055478813351772e-6	8.413827873170375e-7	5.554870314905283e-7	0.9351982079589604	4.999994206079331e-7	5.050658853747446e-7	7.734994159094568e-7
0.018899105582623213	0.01893638067187276	0.026914920538962	0.018933109408242742	0.018936993627890877	0.01903497594803501	0.018936985238169453	0.01892435595687616	0.04595575308914279	0.01891717183803223	0.019424754980691475	0.01893261382134443
0.015529527249325888	0.015626578341556507	0.06459962105695642	0.015544993389745406	0.015629737794694405	0.015928142721783875	0.015628354199846047	0.015576352456556607	0.1710249122349052	0.015556049460959278	0.01628531236148275	0.015615182400109439
0.001956861405107522	0.14249829148124368	0.0019378436063169253	0.0021628096114366577	0.5218069737881703	0.0018988935785623608	0.2204476732745904	0.0008324252153210475	0.003073656733310016	0.0019565837039034082	0.0019776772552301	0.010239590073520622

=== Valores de L em valor absoluto (Lp + Lm) ===
0.019039535102898495	0.01903953565859485	0.019040582828291658	0.0190395571411063	0.019039535691445716	0.019039541371295748	0.019039535668312152	0.01903953530466361	0.019039535136241348	0.019039535306029764	0.019039538857495618	0.01903953558981864
0.0005056179675801444	0.002435733267171097	0.0010002093713294628	0.0005748513123043352	0.0023526448708594233	0.0005086444083335527	0.002641581076997546	0.0004002156364928369	0.0005081984117982645	0.000505056333877411	0.0005024479599355872	0.0015827381217845835
2.9033353381372418e-8	4.0132234510997315e-8	6.450905338944056e-7	4.012084484948817e-8	4.088849752164268e-8	3.788707918602597e-8	4.035682475607364e-8	5.9360980694006637e-8	2.986125488596741e-8	2.9035137609969067e-8	2.9190720555641417e-8	3.8707328055128394e-8
8.857756964951586e-7	1.6061688073510574e-5	0.005694718828667808	1.3997275138337588e-6	0.0019999275208792172	9.096009813637513e-7	2.3224065260776695e-5	3.9544191885519387e-7	9.046827510547384e-7	8.858727540607708e-7	8.911946249738607e-7	5.021625244699061e-6
-1.1621543575146683e-7	8.124970677217552e-8	0.0008026755152869508	-8.155341999368116e-8	0.0022903635919861555	-3.906163385502415e-8	1.704744651988299e-7	5.6587232901462024e-8	0.00015078322426888757	-1.1624734953305345e-7	-9.786874196692403e-8	-6.174974606789685e-8
1.0473305133047008e-5	0.00015297012864714873	0.009357217007742738	1.041618246826849e-5	0.001001804750459219	1.0871928369600858e-5	0.00020422710548333842	4.030995676693143e-6	0.00010329034417523369	1.0478920833533733e-5	1.090264936110696e-5	5.500378663430973e-5
0.0002620569740353619	0.002301093232105994	0.0008897323821562891	0.000310771576912712	0.0024834062311779505	0.00026985341523877275	0.0027244621916265813	0.00015615622458614383	0.0003070330397414868	0.000261657004691125	0.0002606700478081076	0.0011142424283329426
0.010249570021712388	0.00998130669795829	0.010070048045838885	0.009887359494165948	0.009943595349001817	0.009494030882444625	0.00999468281146932	0.009496275070413812	0.009918647658595556	0.010250067651799089	0.010189032001906944	0.009853309979620901
5.010654835186813e-7	8.354313986815556e-7	0.0029476629908335387	9.591557682884604e-7	8.711196142056778e-7	5.396743217949904e-7	8.452429000079575e-7	5.530321140948322e-7	5.7623269877463856e-6	5.00009842155806e-7	5.045308017610586e-7	7.760259747545218e-7
0.018889669548309625	0.018889675440116035	0.018889904367519417	0.018889671431680646	0.01888967586445052	0.018889670043049783	0.018889675576337826	0.018889670814492374	0.018889669554248582	0.018889669588249045	0.018889670345425956	0.018889674536690312
0.015517952662928623	0.015517991086909967	0.015531435236043629	0.015518156633145408	0.015517994009052623	0.015518009467105874	0.015517992024383127	0.015517960866916132	0.01551795295905703	0.015517955120790579	0.015517999742155446	0.015517984969332488
0.0019567904549500264	0.0029459778794400787	0.001964343324962969	0.0020558065625902377	0.002920805195715267	0.0019448504653833414	0.0029750214760930114	0.0020197201895677027	0.0019331721385149343	0.001955658305684927	0.0019506863541407272	0.0027404746027162234

=== Valores de M em valor absoluto (Mp + Mm) ===
0.01903953504908282	0.019039586377640402	0.01903953545383997	0.019039538185280785	0.019039589780657007	0.01903953608394569	0.019039587440467597	0.019039550716181766	0.019039539913351843	0.019039535062224486	0.019039535280668356	0.019039579224674565
0.0005056459521076776	0.0005057783613647922	0.0005035686903080545	0.0005038910960748631	0.0005057881815512732	0.0005020376791419433	0.0005057820692639973	0.0005056599440474539	0.0005040690577103508	0.0005056223428959743	0.0005053052212314191	0.0005057412168658216
2.9057366269269823e-8	2.0838843722682422e-7	6.456242236299416e-5	2.2764492013497105e-7	2.5544226815010746e-7	1.074871178511419e-5	2.2125423523157575e-7	1.0702743575945311e-7	0.00010478459062331785	2.9238643393370472e-8	3.2720949283810895e-8	1.4838864425589583e-7
8.86156865463031e-7	1.690405160541191e-5	0.0006944393179448637	3.82044740001024e-6	0.016716938357614702	8.474031216279124e-5	2.4854995908593833e-5	4.617213283249476e-7	0.0012092236098331772	8.886468694459741e-7	9.390694886423418e-7	5.164214917636915e-6
-1.1623494415151709e-7	-1.1623530945555797e-7	-1.1387943253162799e-7	-1.1465354311360236e-7	-1.1623517364123741e-7	-9.000948911942375e-8	-1.1623519032653005e-7	-1.1623571963287779e-7	-1.1528821539288652e-7	-1.1623344998367566e-7	-1.1618112743090028e-7	-1.1623530154151334e-7
1.0467503171687845e-5	0.00019803536189099457	0.0013301192387549824	4.158887238432893e-5	0.03150074087407558	0.00015560925161966485	0.0002900968366393113	5.196272335447117e-6	0.0023080891584130125	1.0494342456163777e-5	1.1066916378748774e-5	6.110418061570668e-5
0.0002619330206654564	0.0002620565271135815	0.0002604945423658867	0.0002606615773546677	0.0002620659416374705	0.00025932919879655846	0.0002620601730587227	0.0002619653569319009	0.0002608437158940468	0.00026191781598697717	0.00026169880511426973	0.00026202889477484794
0.010258419377068066	0.010258766473855055	0.010195566450063403	0.01020631924860475	0.010259016273782236	0.01014976349007668	0.010258977220201308	0.010257772971025095	0.010207481160715423	0.01025812580970412	0.010249375920452886	0.010258540145410371
5.0107917612984e-7	1.2871879917895246e-6	2.609640608049499e-5	7.54431479077709e-7	1.4058339346918233e-6	1.6614065261199653e-5	1.3220396111819776e-6	5.618434944616163e-7	1.0490686718252587e-5	5.000750876022876e-7	5.063853911012441e-7	1.0972445815453362e-6
0.018889669537620793	0.01888969439677454	0.018889670220577248	0.018889671457278392	0.01888969605324164	0.018889669817914498	0.018889694934179364	0.01888967688784436	0.01888967183896508	0.018889669545172787	0.01888966966181891	0.01888969086925572
0.015517951934754678	0.015517956249304183	0.015517952706907034	0.01551795189295526	0.015517956605416128	0.015517952424704617	0.015517956083278793	0.015517953503133008	0.015517952402749545	0.015517951934092625	0.015517951938066026	0.015517955718144825
0.0019570997525099553	0.0019571499713920133	0.0019552502328116653	0.0019554225210392595	0.0019571561318405704	0.001953695443492682	0.001957151954332728	0.0019570363217025454	0.0019556388112497323	0.0019570921518905268	0.001956801145776164	0.0019571328488316125

=== Valores de N em valor absoluto (Np + Nm) ===
0.019039535045787988	0.019039581460947606	0.01903953743684418	0.019039606062702413	0.01903958452727602	0.019039681967541387	0.0190395824252872	0.019039549973815503	0.01903953624585286	0.019039535055486626	0.019039535083203128	0.01903957506721943
0.0005056507536542985	0.0005057747818893092	0.0005037662587511673	0.0005044355161454574	0.0005057841441132835	0.0005029807746483818	0.0005057782633932635	0.0005056636408967318	0.000504161561307091	0.0005056263137423124	0.0005053315650037301	0.0005057387017209365
2.907584101276903e-8	1.6885048185435825e-7	3.9703246460740637e-7	9.054081072551763e-8	1.9834426732109365e-7	0.0008069858963931252	1.7717723352758064e-7	1.0614553074138654e-7	9.14202647972165e-7	2.9089259578651977e-8	3.147333694541609e-8	1.270402657876724e-7
8.869317181223974e-7	1.6741109218750517e-5	5.95290833846228e-6	1.25801677538002e-6	0.01719687785087171	0.00933584519566325	2.460613636723354e-5	4.643502900030406e-7	1.0885761824477795e-5	8.859153924675893e-7	8.960305756457748e-7	5.122673328337531e-6
-1.1623345293123827e-7	-1.1623540218420452e-7	-1.1504843827187072e-7	-1.0897122004556652e-7	-1.1623521620335122e-7	1.8571767925726591e-6	-1.1623526124035198e-7	-1.1623683807663981e-7	-1.158502914800094e-7	-1.1623534878316092e-7	-1.1623513471533538e-7	-1.1623571440587604e-7
1.0469287006624351e-5	0.0001946541330020318	1.8452018054994957e-5	1.705081796606893e-5	0.032430958082798174	0.01776372316567259	0.0002834457762140321	5.1330931256666645e-6	2.6240778581278536e-5	1.0458730533042163e-5	1.050401522471002e-5	6.051815918360872e-5
0.00026193414505427503	0.00026205468601076096	0.00026057714541436155	0.0002610234928890348	0.0002620648071366699	0.0002599512335536636	0.0002620590858700542	0.00026196912644966955	0.00026083926528048195	0.00026191714566429895	0.00026170146926351117	0.0002620289996090718
0.010258494215646287	0.010258687008472291	0.010205787883652465	0.010214109020229664	0.010258995745787102	0.010167564890825419	0.01025895147219259	0.010257440971621665	0.010213379410924777	0.0102582637656424	0.010250976417199227	0.010258485778799606
5.002531738755443e-7	1.325054055082361e-6	5.601888079471504e-7	9.500834041434828e-7	1.4586137885633607e-6	6.057560148913741e-5	1.362689658477128e-6	5.663139203776744e-7	5.555295430726872e-7	4.998280551097283e-7	5.005226098772041e-7	1.1217580684784893e-6
0.018889669536371164	0.018889692198795677	0.01888967067969393	0.018889704098292576	0.01888969370567529	0.01888974094155646	0.018889692687116114	0.0188896766062467	0.01888967010993544	0.018889669540842938	0.018889669551904055	0.01888968901891805
0.015517951933897135	0.015517955614221687	0.01551795210456618	0.015517957812606495	0.015517955919431373	0.015517964213394497	0.015517955547601908	0.015517953345602145	0.015517952017171446	0.015517951934533567	0.015517951934523426	0.015517955167216662
0.0019571001972830153	0.001957146722815498	0.001955372315556368	0.0019557482274180004	0.0019571532717642904	0.0019544513983254	0.0019571492244091922	0.0019570459255358833	0.0019556674965281063	0.0019570926969694176	0.0019568120608083593	0.0019571305593473263

=== Valores de P em valor absoluto (Pp + Pm) ===
0.019039535045077993	0.019039535045077993
0.0005057020211667624	0.0005057020211667624
2.902296476349715e-8	2.902296476349715e-8
8.860005769132772e-7	8.860005769132772e-7
-1.1623516926468402e-7	-1.1623516926468402e-7
1.0468414053327224e-5	1.0468414053327224e-5
0.0002619728421461576	0.0002619728421461576
0.010259071948766869	0.010259071948766869
5.000781348213165e-7	5.000781348213165e-7
0.018889669536344134	0.018889669536344134
0.015517951934027123	0.015517951934027123
0.001957113250502979	0.001957113250502979

=== Valores de T em valor absoluto (Tp + Tm) ===
0.06563864443148701	0.07410546717503334	0.06867276244262935	0.06577153996155502	0.1791558726237691	0.0795033702613019	0.07508210819128944	0.06992861325853941	0.0843859467821514	0.06565208394933103	0.06613550319235414	0.07302495564004867
0.06507125535661729	0.07525802546180017	0.066366604879743	0.06506743140527578	0.19461098148684494	0.06514139625077642	0.07642407121312776	0.07047922111194428	0.08465268783806948	0.0650725138443531	0.06542061571610827	0.07379498677317863
0.06563864443148738	0.07410546717503352	0.06867276244262974	0.06577153996155537	0.17915587262376526	0.07950337026130223	0.07508210819128966	0.06992861325854005	0.08438594678215174	0.06565208394933138	0.06613550319235453	0.07302495564004893
0.06507125535661708	0.07525802546180005	0.0663666048797428	0.06506743140527557	0.19461098148684713	0.06514139625077617	0.07642407121312776	0.07047922111194391	0.08465268783806941	0.06507251384435292	0.06542061571610808	0.07379498677317849
1.9032650680727891e-6	3.562372884624757e-5	1.8224788767619637e-6	2.103192321714465e-6	0.9994934523207836	0.00038258129315278845	5.2498681787088826e-5	8.293489943930329e-7	1.3608250954859823e-5	1.9021622589242625e-6	1.948632190842374e-6	1.0775775062805173e-5
1.9032650666529224e-6	3.5623728840620094e-5	1.8224788753781636e-6	2.103192320001948e-6	0.9994934523206025	0.00038258129315247436	5.249868176755865e-5	8.293489967592272e-7	1.3608250957882856e-5	1.902162257498342e-6	1.948632189074316e-6	1.077577506603046e-5
0.07876379971652783	0.08088844594684512	0.07921178919767377	0.07912142628595487	0.08532742686125705	0.07885273557773327	0.08160330176730932	0.07989612949058184	0.07877359234521716	0.07876387504448092	0.07876492933288445	0.0805801234830448
0.0787637997165278	0.08088844594684513	0.07921178919767372	0.07912142628595478	0.08532742686125722	0.07885273557773326	0.0816033017673093	0.07989612949058182	0.07877359234521714	0.0787638750444809	0.07876492933288444	0.08058012348304491

=== Valores de Z em valor absoluto (Zp + Zm) ===
75.93156530356735	75.93156489741426	75.93156530356735	75.93156489741426	75.93156393128481	75.93156393128481	75.93156389416279	75.93156389416279
75.9315685680869	75.93156842360828	75.9315685680869	75.93156842360828	75.93156950447971	75.93156950447971	75.93156842371343	75.93156842371343
75.8561395513783	75.85616200199323	75.8561395513783	75.85616200199323	75.85631109523146	75.85631109523146	76.1571889519461	76.1571889519461
75.93837131807122	75.93113117240037	75.93837131807122	75.93113117240037	75.93084269682674	75.93084269682674	75.93200309278124	75.93200309278124
75.93134719555357	75.93124367256621	75.9313471955536	75.93124367256621	75.93124486031115	75.93124486031115	75.93124366971452	75.93124366971452
75.94402195376445	75.91957220071384	75.94402195376445	75.91957220071384	75.91898132277214	75.91898132277214	75.94034497344764	75.94034497344764
75.9315095606397	75.93148486886712	75.9315095606397	75.93148486886712	75.93148597161209	75.93148597161209	75.93148487681272	75.93148487681272
75.93156918551642	75.93156924735491	75.93156918551642	75.93156924735491	75.93156934698783	75.93156934698783	75.93156913156228	75.93156913156228
75.93108497808672	75.93180376538444	75.93108497808672	75.93180376538444	75.93116319808175	75.93116319808175	75.93217739062966	75.93217739062966
75.93156534431562	75.93156605211927	75.93156534431562	75.93156605211927	75.93156530109582	75.93156530109582	75.93157672657568	75.93157672657568
75.93150183794859	75.93152557905162	75.93150183794859	75.93152557905162	75.93150670521817	75.93150670521817	75.93173402353005	75.93173402353005
75.93156890121068	75.93156889296617	75.93156890121068	75.93156889296617	75.9315698023517	75.9315698023517	75.93156890609384	75.93156890609384

