=== Resultados da otimização (versão simétrica) ===
Status: OTHER_LIMIT

=== Matriz F (Poliedro) ===
0.014562318973900824	0.020356904684183462	-0.000643558650687295	-0.0003612577836936632
0.0007008302242122481	-0.06657795431166429	-2.857760157859767e-5	-3.3007446413302345e-5
0.012290766843412982	0.008123453494642656	-0.0013012444041885045	0.01699995717597633
0.050409881833652324	0.07374748774103218	-0.0020761195455273615	-0.0020733233510509316
-0.07420097438022064	-0.09693230582145468	0.008122751449689243	0.007796084439228187
0.01603873440652299	0.015965289582353506	-0.0011169563865066007	0.007696442715599229
0.0010204776065128038	0.0032610434662821296	-0.00010251438063130457	-0.000653615428669968
-6.766497482705069e-5	-0.0024438770240599417	0.002954808070374661	-0.03592374941757529
0.0001712040494217884	-0.009950114856446177	0.0038821937534431303	0.0038891556382365
0.06670643567492435	-2.6056101780369054e-5	2.6902943732541e-7	3.3367538109442002e-6
0.021886508582289025	0.13089479124044143	-0.008862700218825266	-0.008854459542144148
0.03935186670843014	0.057956318954057826	-0.0018124469248621952	-0.002259406140851375

=== Matriz G (Ganho do controlador) ===
-0.9624379191555837	-1.29792217875285	0.08788057110924792	0.08785291226269423

=== Matriz K (Variável auxiliar) ===
-0.19056988799677224	-0.2567413962786429	0.017386838027646876	0.017380611120980553
-0.003196832707042061	-0.002746601305534954	-0.0003750007053720159	-0.00032552910338635874
-0.00018182024074464082	0.013784469238042604	-0.009208334853299485	-0.008679547036513875
-0.0001359657024025063	0.00955357473907664	-0.00042367755505567814	-0.00042119670545219523

=== Matriz J (Pseudo inversa) ===
-260.2426494086693	52220.802664127244	19706.25651662027	28282.529690621916	36714.15364247625	12777.476532413331	1072.0541517346965	11846.187854542344	24223.18594653078	-313.6040797070759	36753.8503799796	803.6636017116417
95630.4644022792	475.8899370570371	7483.122071808789	-579.3650730521808	-628.393714452689	5785.937032318823	-11608.571443016639	6087.240616357492	-1118.2610064122402	-3533.7055200830164	-609.4443412139382	-33889.62031828457
-36196.93655380467	-811.6562335600152	8475.995130301466	-401.7293720811274	-1375.1003168811133	5398.534174895063	-111298.44433299672	6373.981567516478	-1838.6308056892103	-3812.229727469125	-1362.3641323099973	16608.53048961591
-5589.710437885865	-7459.877991716213	51120.58432951966	-14542.279380026233	-11277.344771163678	32923.656312726045	-3730.1707315008657	31575.432416805175	-7158.033951610087	-15247.664312636523	-11220.940138722695	2450.2024212294705

=== Matriz H (Farkas - diferença Hp - Hm) ===
0.002579220271370309	-0.01681640413065541	0.006654397109829254	0.19801751555164482	-0.010689157446128333	0.004382039302722304	-6.728282257682534e-5	0.0005271047068771319	0.016828213426186213	0.012500552354886165	-0.007523418611646344	0.007079287637978478
6.822904522468922e-7	0.9228054269145315	-1.6168892933600972e-6	-0.04109747634876825	-7.688242388202508e-8	1.6278639254955628e-6	1.044738691082131e-7	2.8037310691513647e-6	-0.013213322437952073	1.2693310547699007e-6	-6.384044371739708e-7	2.0044450086966757e-6
0.0024328330756505398	0.03457807168590212	0.009929666043059684	0.08182675156044768	-0.046015295246838624	0.007293221622246658	-0.00042664410472411166	-0.2286852870460898	-0.028914762997041498	0.03612749026489418	-0.031471847167121945	0.005266730233823225
-2.8574626759767014e-7	7.551258386276994e-8	8.389758868462146e-7	0.8189215837191897	-6.516768297703737e-8	-7.852946193298825e-7	-4.520660939127009e-8	-4.339593440910771e-7	0.12706211363045003	-6.217767639422033e-7	3.694077083298785e-7	-8.399694883360261e-7
-0.0003788155627379186	-0.0009256554383334648	-4.7479608557576196e-5	-0.0007330247884590267	0.7993832546668154	-0.00023115867379282335	-1.8362312768525392e-5	-0.002574876628173744	0.07851124325106373	-0.016432147854177907	0.00025810298575407994	-0.000379140515884749
0.0031283910073895294	0.012602034559063337	0.018417952578741577	0.13152583930099151	-0.04760804479680692	0.010707929959922414	-0.0002148389568795055	-0.10190782862764779	-0.0014188768074527656	0.03658920162190528	-0.020493974807668177	0.007735857394514833
0.0009191711139461701	-0.01172982114477825	-0.001027588310315528	0.008529585359830661	-0.0028877846565509863	-0.0006228605922388147	0.00025773145011417226	0.00645977013331627	0.004444035691664781	-0.0005672298526061877	0.008647868976708594	0.0027889191361701923
9.29269527060709e-6	-0.0151381886215474	-2.683201183682585e-5	5.259165113230219e-5	0.001911519117258512	-8.853227340875242e-6	1.5643861406672527e-6	0.5000019407716461	0.37311299969190637	4.652002948835263e-6	-8.91259692296493e-5	3.089125571213648e-5
2.3897481610305748e-6	2.4116926834454963e-7	9.878832126279457e-7	2.0468843986164687e-6	-5.311783143063848e-7	3.261674259403086e-6	3.829963633484469e-8	8.914680967756206e-7	0.9575654739178228	1.0620163683090622e-6	-0.014954592255876921	3.090787238482803e-6
6.352890973909638e-7	-4.162649280947464e-6	-8.027913789858583e-8	1.6185301586338027e-5	1.03297033966393e-6	2.9805356306555755e-7	3.949180870501002e-8	2.8176139464988e-6	1.1738937275236846e-6	0.8189477164264787	-0.13088137048110607	3.0120452439232244e-6
3.544597503903464e-8	4.257027027222444e-8	1.0720611992118282e-8	1.0887854005288212e-7	-1.8268562311383723e-6	5.7543448823747626e-8	7.319914346597353e-9	-8.693572289192559e-8	-3.9879764695156336e-7	-8.631207126044885e-10	0.9531966826715524	1.070666119421358e-7
0.0005760555205160342	-0.0076356210680351005	0.001590073951649311	0.6534721195279609	0.00789694433615654	0.001507268070909935	-0.00023508899111395398	0.006758122710593252	0.01491342622933881	-0.0002803500474650935	-0.010210528385793862	0.002354253206817102

=== Matriz L (Farkas - diferença Lp - Lm) ===
5.9943394175002336e-5	-0.0004412208293605481	5.4272091287541936e-5	0.00046245615093077567	0.00029533058624705514	4.8918515929546706e-5	6.773257987569524e-6	4.956487431499214e-5	0.0005688377483627164	1.4410758135344724e-5	-0.00048686424804664057	0.0001662467037457779
1.3031204591529556e-6	0.00021225622015966068	-1.922634944748173e-6	-4.90287410086629e-6	-1.5082463378744013e-6	2.2422725206156595e-6	1.597465488540576e-7	-0.00012257937737602672	-0.011716371563318609	2.9651631519462576e-6	1.0626545552141685e-7	3.0123594985717163e-6
-5.375520396787292e-5	0.001510235267965228	-8.335901029481608e-5	-0.00014422542936639356	7.648873981147726e-6	-8.86332559408183e-5	-2.2874275831894636e-6	-6.500785939146138e-5	-0.0007281006475181942	0.00037928484140877655	-0.0003381699013006931	-0.00013814724109192152
-2.3519364652650797e-7	7.733585408860147e-7	6.529738904620098e-7	-8.035452760440725e-7	-2.600425479234649e-7	-6.429223014818882e-7	-3.4992344172745015e-8	8.2255430654691e-5	0.007743320729040547	-8.718438361496303e-7	5.963270643651445e-7	-4.1397612449055466e-7
7.257400538568167e-5	-0.0011963383651750102	6.810587825990103e-5	0.0005835347135018271	0.0005963858962750588	0.00011851644487968988	1.416768900638595e-6	4.253861149019285e-5	0.0008660681595720038	0.0002806696774337733	-0.0006986974213110711	0.0002108148694682274
2.3876154385753245e-5	0.0004416260871876205	-5.0703488915521816e-5	0.00030629694479659356	2.33288119659298e-6	-7.897836286627387e-6	1.430145612014641e-5	-2.1591643495486555e-5	-0.00035230996463357905	-3.7551834740778486e-5	-0.0006734662572126645	8.653841799975606e-5
2.219650785376462e-6	-0.00011074562735138849	1.4913149214259083e-5	7.282206941681274e-5	6.053660478211667e-5	8.987154093090949e-6	2.8503872831313337e-7	1.1230895198003493e-5	8.788928118984296e-5	1.481933619115229e-5	-3.2010792749687794e-5	5.183491365938139e-6
-9.410557275168568e-6	-0.005014667414188757	-9.919725727076425e-6	-9.966150610952216e-7	5.388333537296665e-6	-8.314474150541021e-6	1.155139320511516e-5	2.2246182443914858e-5	0.0025370926604125618	-2.1901811597497857e-6	-8.87802043776926e-6	-3.4928951515530167e-6
5.861421046383349e-8	1.1106052324033045e-6	-3.3410579146799867e-7	2.6167011628827484e-7	9.066471126821072e-6	-1.0767007688423497e-7	-2.436047128400348e-8	2.1974055760792186e-6	0.007489649253087031	2.663995331504151e-6	-7.59176169656539e-7	1.486064727858506e-7
4.557842073630605e-7	-4.603469927684923e-6	-8.352235863158757e-6	3.894681052774076e-6	2.511582692797975e-6	-9.167751245639473e-7	9.072339892484118e-8	5.024179783781683e-7	1.1583180024381903e-6	5.044209113161754e-5	-0.00012871061957513537	1.89381737549571e-6
-3.974044662708929e-8	8.268349521011867e-8	1.8411837727045632e-7	-3.115762602665293e-7	-1.210247967001643e-7	4.0419495434755445e-8	-4.277775794004249e-9	-7.245635974261522e-6	-3.7913011426708804e-7	-7.975009524879625e-7	4.975458399743167e-7	-1.7392194291403967e-7
0.00023073113224029084	-0.001551765247629356	0.00017220617770523318	0.0011240922842501418	0.0008426310453887942	0.00016716524056675439	2.6601130124594054e-5	0.000154605251558128	0.0013937259436310025	9.189778334101192e-5	-0.0014333570337806082	0.0006258199852239221

=== Matriz M (Farkas - diferença Mp - Mm) ===
2.3264337937539334e-5	8.988320965160404e-5	3.8118436922119324e-5	8.567964838149429e-5	-0.00011594979462693517	2.0498715738014733e-5	-1.0136447159275752e-6	1.567435355337172e-5	2.940299823340261e-5	0.0002465440453270889	-0.00013028657217971015	5.824882198058549e-5
-1.3458800914656369e-6	1.8049349072856104e-6	2.036339368569104e-6	-3.403586366053235e-6	4.074881517983203e-6	-1.6077947820939345e-6	-2.012271044372934e-7	-2.9975152612410095e-6	-4.853929784154902e-8	-2.4467700524354548e-6	0.0001510310071390877	-3.3143743341123833e-6
1.77309013010404e-5	9.84500489129448e-6	2.542754166644668e-5	9.280752675326284e-5	-7.166622069717295e-5	1.1559889182695751e-5	2.8692593756658724e-7	1.8924223279342955e-5	5.4858911268378975e-5	0.0001401842669243175	-7.297597787461058e-5	4.5885786741931e-5
-1.933498534672901e-7	-6.807279514988327e-7	-1.931903199884139e-6	1.9462582574387978e-7	2.2539882131527843e-7	-6.605450301971619e-7	6.629229205461488e-8	2.7075193392842828e-6	4.39136726711211e-8	0.001576321979632472	-4.780044996989838e-5	-3.768614648700118e-7
-0.00011522496369855426	-1.6756648697246242e-5	-4.858001779440503e-5	-0.00019635017183371726	0.00019285932838033072	-0.00013448347415228926	-2.529787033064238e-6	-5.27082271818546e-5	-8.988863502915216e-5	-0.0019270212280255708	0.00021547222003607668	-0.00011818738514071287
2.58526669221033e-5	6.345237712152788e-5	3.765514091230021e-5	0.00010995705114822882	-0.00011375771183096822	2.083119872670243e-5	-2.775718101737795e-7	2.131230166746434e-5	4.733376545751171e-5	0.00023572413489858935	-0.00012591167155625357	6.604717812663547e-5
1.7232210610795134e-6	9.092741345922625e-6	3.243757038256731e-6	7.257068501374808e-6	-8.08173492599859e-6	1.5899035790481464e-6	-3.775296950926654e-8	6.415239022228292e-7	-2.026279177499285e-6	1.9744965003551385e-5	-1.1500506064436242e-5	4.3508857654542266e-6
-9.991618195058471e-6	0.0001704910189613868	-1.1272191918855264e-5	-6.639136411404185e-5	-1.6205975668178622e-5	0.0001358875438447851	-6.7711134690455745e-6	5.250789608212584e-6	4.52965759579181e-5	0.00018072232246644487	7.654268757361275e-6	-5.404421685702894e-5
3.3391704890758003e-9	3.8892617540019826e-7	8.742025901547217e-7	-8.191585255225121e-8	3.2341341439545414e-5	4.2620209148716726e-5	-8.478437160701533e-8	-1.170511952101619e-5	5.335611579015572e-7	1.7750586361945473e-5	-7.874037535246577e-5	-2.179203534283255e-7
3.809360543854768e-7	1.1923120024376256e-6	-3.968064028088198e-7	0.00010531579053634825	-2.5218593295637357e-7	1.302363117576925e-7	4.4943093399049636e-8	2.511977154488305e-6	-8.099170553360139e-7	0.0019746295563180098	1.1917193779398515e-6	1.3439744082209304e-6
1.137957428160103e-7	-2.3517974895077527e-7	9.759517347048506e-6	5.30947257053433e-5	1.5510665959481133e-7	9.55623116804726e-7	-1.3541347510688462e-8	-1.5251437375098379e-5	0.0001887221748093536	0.0007029342737005895	-1.884151258051724e-6	3.3073190208583383e-7
6.780485476465649e-5	0.00025049628329418955	9.012481063210747e-5	0.00020370169336534445	-0.00031320991415267245	7.474921388725842e-5	-2.9519434484766294e-6	3.922708088213494e-5	9.1417889353608e-5	0.0006794373106213626	-0.00034495954861554637	0.00017104795241006847

=== Matriz N (Farkas - diferença Np - Nm) ===
-0.00038814044056166737	-0.000113726335318305	-0.00031099624226714907	-0.0015402178446766316	0.0033530326135568396	-0.000293646306252047	-3.3992819461233295e-5	-0.0002315769465577669	0.0005128363507334284	-0.0019822905797910366	-0.0017936607710893667	-0.0010463405214122144
-1.3658501460134298e-6	1.5370675803279485e-6	2.483942720676751e-6	0.00028444012639275933	2.421019613930933e-6	-1.7531660181163848e-6	-2.387832997134523e-7	2.371404646998927e-6	-1.2696635017457923e-6	2.260156020608875e-5	-1.1994860952393929e-6	-3.3540952391168245e-6
-0.0002307183509503985	0.0001553288471046032	-0.00018042318545157063	-0.0013578173030657503	0.003430968231774781	-0.0002371764064226763	-2.221976724307243e-5	-0.00016231091801767288	0.0003138817421622494	-0.0012623295334204003	-0.0010166076265848189	-0.0005745895662340418
4.811704086927154e-7	-9.011863959067398e-7	-1.141437676152971e-6	-0.010025772378728388	0.01902247619613584	9.851794314919236e-7	7.736666922884331e-8	-0.00016037630870583108	2.7862213387747203e-7	3.966990193290978e-7	-2.3288189564014444e-5	1.267135167039736e-6
3.371595075130323e-5	-0.00039306577115374693	-3.2292308266861156e-5	0.013901265578716229	-0.028361749899210347	-1.967603130532573e-5	5.105181896231624e-6	0.00021660098034663862	0.0003111131821153932	0.00010484158283073896	-5.629538678471145e-5	0.00011731220756330222
-0.00037077376983166935	4.2052792466480346e-5	-0.0003083933424791428	-0.0017012458632364143	0.004027982397412932	-0.0003032972836998025	-3.9333023692180065e-5	-0.00023823094433224855	0.00053884570969699	-0.0019480500335944092	-0.0016702076615293954	-0.001023408840753904
-2.882145599656695e-5	-1.5266998008963556e-5	-2.1080823600987467e-5	-0.00010271571807002854	0.00024404278051721844	-2.31201484833677e-5	-2.2498244875018836e-6	-1.6505615234578552e-5	2.0440464536803163e-5	-0.00014263395654783885	-0.0001358344919542686	-7.823222104686237e-5
-1.2659178173867734e-6	-2.653931126514014e-7	-1.7141924853718477e-6	1.7860339921595842e-6	-4.7885332035852494e-5	-9.636986754262868e-7	-1.2202680430246758e-5	1.092563206145273e-6	7.342457405691244e-6	-1.5533456769642129e-6	5.600908357530667e-6	1.5063481546331316e-6
-7.497143540495603e-8	2.049016716180818e-7	-5.165837474420638e-8	-3.823078693526358e-7	5.808954727402733e-7	-5.555409710458631e-8	-9.944582307462736e-9	-1.2450285728406046e-9	2.6688703774447084e-8	-1.621568139028046e-7	-5.491615614791349e-7	-2.608877467857256e-7
-6.877803356048067e-7	9.431166095428483e-8	1.2685086120915987e-6	-0.012931658683542022	0.024586048276131565	1.2643863353699965e-7	-1.558969737005803e-7	-0.00020319756738873326	1.1572806225801466e-9	1.3209737531693267e-6	-2.6911925435911755e-5	-5.2965646270516435e-6
-1.4928244386996964e-7	2.3266341886054247e-6	6.582337271407029e-7	-0.004748501189429992	0.008818084614554423	4.6416026656788816e-8	-5.802518937487128e-8	-8.097504114650896e-5	2.475091669893116e-7	1.2799891316824878e-6	-1.7852957295231243e-6	-1.3516047818847325e-6
-0.0006077560906511724	0.0008602010307402377	-0.00042057853677516036	-0.003457846354176919	0.012601432941576637	-0.0004747642531217622	-5.9771043423353584e-5	-0.00039355658893039337	-0.0001501203977765271	-0.0034964614185046803	-0.0027131574151973686	-0.0018793283058836886

=== Matriz P (Farkas para E - diferença Pp - Pm) ===
-0.00045157223157486423	0.00045157223157486423
-4.123727106332385e-5	4.123727106332385e-5
0.02124994645105463	-0.02124994645105463
-0.002591671033698662	0.002591671033698662
0.00974510585499941	-0.00974510585499941
0.009620553451832237	-0.009620553451832237
-0.0008170192857124177	0.0008170192857124177
-0.04490468549613724	0.04490468549613724
0.004861376299100327	-0.004861376299100327
4.123356591617456e-6	-4.123356591617456e-6
-0.011068078879894229	0.011068078879894229
-0.0028242576892215723	0.0028242576892215723

=== Matriz T (Inclusão em S - diferença Tp - Tm) ===
7.311183809627163e-6	-3.7535635861437314e-5	-2.6632497650290966e-6	0.00036643451386979845	2.7360904544076366e-6	2.471052052929923e-6	5.813880863001548e-7	8.106202889800534e-5	5.600379795921977e-6	0.9991187933380115	-4.12427505890572e-5	3.864256324380115e-5
3.1294226696460865e-7	-0.9861508790230804	-4.2666610311260884e-7	0.013707765741718862	-1.7802415487807658e-7	1.1184248486459722e-7	4.6635551118811836e-8	0.00011529619695695005	1.4174968941849619e-6	7.649337926784154e-7	1.8537183051672095e-7	1.50528544082915e-6
-7.356207562885687e-6	3.8642215306834346e-5	2.6382582318038067e-6	-0.0003702007482728072	-3.1305061402875158e-6	-2.49989382857837e-6	-5.811176783268101e-7	-8.08278854332114e-5	2.7976986762069634e-6	-0.9991173085396532	4.437621021672978e-5	-3.88272209283635e-5
-3.12942283080634e-7	0.9861508790227925	4.266661376529819e-7	-0.01370776574148807	1.7802427207415243e-7	-1.1184249399987974e-7	-4.6635554548539084e-8	-0.00011529619724877367	-1.4174966217478546e-6	-7.649336811926164e-7	-1.853720043644491e-7	-1.5052855625915745e-6
-4.68591253576152e-5	-0.12224486616251967	5.466857140367074e-6	3.364429142240038e-6	0.0005921989811453423	5.474761619889791e-6	-1.068973645691717e-6	0.08588909622866786	0.7910953688345671	2.052570843044553e-6	2.609388296711483e-6	3.746108656335555e-6
4.685912396847228e-5	0.12224486616269852	-5.46685711947603e-6	-3.3644291376741582e-6	-0.0005921989814015792	-5.474761602286618e-6	1.0689736308266852e-6	-0.08588909622883634	-0.7910953688358187	-2.0525708405933014e-6	-2.609388288348204e-6	-3.746108651027839e-6
0.0005533472740544281	-0.030962719471859152	0.0016671085177930693	0.005078313760954963	0.003954242561461884	0.001832795892789014	8.285694293711822e-5	-0.513199734594437	0.39484549813417585	-0.0037998804680127694	0.0034791884264634993	0.0019335804656103607
-0.0005533472740543413	0.03096271947186105	-0.0016671085177936325	-0.005078313760955967	-0.0039542425614626	-0.0018327958927899168	-8.28569429370896e-5	0.5131997345944365	-0.39484549813417197	0.003799880468012347	-0.0034791884264622815	-0.001933580465609923

=== Matriz Z (diferença Zp - Zm) ===
0.10921739247853479	0.15267678510003002	-0.10921739247853479	-0.15267678510003002	-0.09653380072631884	0.09653380072631884	-0.009031444670256294	0.009031444670256294
0.0052562266385913214	-0.49933465735053617	-0.0052562266385913214	0.49933465735053617	-0.00428662034015681	0.00428662034015681	-0.000825186063459632	0.000825186063459632
0.09218075157358968	0.0609259012800957	-0.09218075157360552	-0.060925901280056455	-0.1951868035768917	0.1951868035768917	0.4249989283003012	-0.4249989283003012
0.37807411424473625	0.5531061575111348	-0.37807411424473625	-0.5531061575111348	-0.31141771933840556	0.31141771933840556	-0.051833082962849816	0.051833082962849816
-0.5565073070642444	-0.726992292799664	0.5565073070642444	0.726992292799664	1.2184118716623773	-1.2184118716623773	0.19490209469788003	-0.19490209469788003
0.12029050826719627	0.11973967189190854	-0.12029050826726705	-0.11973967189188733	-0.1675435501654126	0.1675435501654008	0.1924110676579435	-0.1924110676579435
0.007653582048627011	0.02445782597761681	-0.007653582048627011	-0.02445782597761681	-0.01537714028403292	0.01537714028403292	-0.016340385631201493	0.016340385631201493
-0.0005074871975371369	-0.01832907777531422	0.0005074871975371369	0.01832907777531241	0.44322124637350524	-0.44322124637350524	-0.898093734677351	0.898093734677351
0.001284030362571409	-0.07462586132853712	-0.001284030362571409	0.07462586132852238	0.5823290260694232	-0.5823290260694232	0.09722889082139465	-0.09722889082139465
0.5002982690935698	-0.00019542046774437272	-0.5002982690935698	0.00019542046774437272	3.961526186679887e-5	-3.961526186679887e-5	8.341492669777795e-5	-8.341492669777795e-5
0.16414881570209705	0.9817109374057863	-0.16414881570209705	-0.9817109374057863	-1.329405632049785	1.329405632049785	-0.22136150854321418	0.22136150854321418
0.29513900076113136	0.4346723920438561	-0.29513900076115823	-0.4346723920438561	-0.27186701723521256	0.27186701723521256	-0.0564851535671107	0.0564851535671107

=== Valores de H em valor absoluto (Hp + Hm) ===
0.015118974616011631	0.024620327733326036	0.01693738366558227	0.20434607163889618	0.03256384729234195	0.015492413742437698	0.014797290094175079	0.01505339827149735	0.025819844639568226	0.01616917576328103	0.020859245417723903	0.017191604310970575
5.4242958327739594e-6	0.9228125280132037	5.514391063182405e-6	0.041104610294547116	5.138704078528643e-6	5.3470611714718345e-6	5.537445743466562e-6	5.4340737901978095e-6	0.013220468581421348	3.724953388903733e-6	4.60824327006159e-6	4.8009307451435485e-6
0.009308148250815848	0.043713094289570355	0.014819558441956343	0.08701340062730144	0.052235174675906125	0.012659095848078837	0.008977521946622219	0.2348305470904546	0.04907014355469773	0.04997698423513287	0.03207391455815265	0.010757092360353462
2.9452664516445027e-6	2.990762007750827e-6	3.1875942025766885e-6	0.8189249742247462	2.9599044205487005e-6	3.221876044984896e-6	3.004969621269512e-6	2.9780198485389426e-6	0.1270654964238813	2.2496370441712016e-6	2.5829497601381375e-6	2.610559556438504e-6
0.0007012983345113721	0.0011522193762149933	0.0005347815796832651	0.0008991522060641972	0.7994926612678424	0.000591111831132648	0.0005450982648003899	0.0028443139877409943	0.0789436245082718	0.016529465148478684	0.0008747292969798453	0.0005508927964821584
0.013085527272712576	0.01785371903601044	0.02473055625026698	0.13668407622260567	0.055035075965099454	0.017637573995741267	0.012761983267754573	0.10987265237479706	0.026709821828433622	0.03819725305306455	0.020943486638113535	0.014817229081830845
0.019427060770175655	0.022786470848165725	0.01940532399014175	0.022239543064860444	0.01962608347871171	0.019384514318944474	0.019394654605260356	0.02129221095297261	0.020054810197979427	0.019159855086381572	0.02094756492824605	0.019705302691018105
7.429869020362533e-5	0.015174939949069998	8.191382971970567e-5	0.00010062815394126846	0.0019498048718793433	7.418126726977344e-5	7.316534535809261e-5	0.5000385089067394	0.37314969202292725	7.347498126757956e-5	0.0001328372488261311	8.450497558837803e-5
3.1255658814608215e-6	1.3393577091413622e-6	1.895534614923052e-6	2.5235817621598707e-6	1.1625963462317107e-6	3.943013249789415e-6	1.223106848479576e-6	1.6828515430236768e-6	0.9575660692994292	1.6060505012654877e-6	0.01495518737117473	3.6215695960235738e-6
2.581215448577692e-6	5.883546961946814e-6	2.4423430449989756e-6	1.7483054277188564e-5	2.8152134764741774e-6	2.4710595732565567e-6	2.422247584743146e-6	4.285829429002794e-6	2.356981747530881e-6	0.8189489383204049	0.13088259106959513	4.4749736208806e-6
6.194598082827621e-7	6.798304762812036e-7	6.315823490446137e-7	6.562010997832603e-7	2.2954208831489687e-6	6.23691307946225e-7	6.162342046175077e-7	6.819094799974702e-7	9.033260162872681e-7	6.616425387928903e-7	0.9531970712996823	6.45748657810504e-7
0.005862538896274038	0.010797307875889627	0.0064338595537661546	0.658134602893583	0.016126465746318024	0.006180515087334535	0.00563487493285135	0.008229613141722238	0.015075639897956261	0.0011200014147520515	0.010289750440169353	0.00817917656489357

=== Valores de L em valor absoluto (Lp + Lm) ===
0.014796825427381758	0.014765317422588641	0.014797666947332942	0.014780054542926614	0.014844773930482742	0.014798390311193982	0.01479764047882999	0.014797757767199006	0.014820894826378817	0.014814683802654983	0.014797825224592534	0.014793303840587507
5.40563900698519e-6	0.00021940667106119585	5.545395169643841e-6	1.4113484068244497e-5	4.554617166782739e-6	5.381272004184901e-6	5.5390129226788875e-6	0.00012979742961160025	0.011723458504455416	5.141672477703242e-6	4.10033621783475e-6	5.341873100433805e-6
0.008963656613477944	0.009229416394964156	0.008962211445625628	0.008842995926544119	0.008813109973819802	0.008964947801920538	0.00896922361263839	0.008997094480154346	0.008730236873278103	0.008753803275427215	0.008611263087163534	0.00893267749927371
3.0017490705780423e-6	2.339340787737383e-6	3.0222143566017217e-6	2.3683978426458208e-6	2.233100968092859e-6	3.1399079493024997e-6	3.005374234943527e-6	8.561617439424472e-5	0.007746696116117862	2.8323960816557567e-6	2.1463213072414594e-6	2.7292248076545938e-6
0.0005521696627675031	0.0014938018802142588	0.00048281236930758137	0.0009117568970240364	0.0009552990165234928	0.0005618465387614519	0.0005444814349735993	0.0003602560270157009	0.0011524521436079792	0.0006659496427970485	0.0008346396456900335	0.0006147673430307883
0.012757510940718291	0.01265209624605524	0.012756646229809552	0.012677683707160665	0.012406663719521586	0.012757667548455379	0.012760396228076266	0.012774510689333388	0.012493834140713023	0.012547431709852801	0.011133395766674301	0.012742448589063149
0.01939262690893455	0.019388234997020214	0.01939261136782436	0.019392626353101183	0.01939401579897409	0.019392633668196702	0.019392632165340755	0.01939266774102731	0.019390100313893176	0.01939291322392364	0.019388827319174694	0.019392602136257722
1.2529126544521592e-5	0.005051155610252598	1.231053543619026e-5	7.405852917822555e-6	7.2622293981528605e-6	1.1124924463601576e-5	7.493299787270197e-5	2.4044180974693797e-5	0.002573849158880817	5.273251714777641e-6	1.0970748518776876e-5	7.0070480630974126e-6
1.2369448026838716e-6	2.039478689764311e-6	1.322071048286293e-6	1.3343980733519002e-6	1.0000158220874678e-5	1.2527123737385022e-6	1.2234258736879324e-6	2.7712982283066848e-6	0.007490244707270849	3.164535013892815e-6	1.3369043212156122e-6	1.293119032425109e-6
2.5059243442586138e-6	6.277155656440411e-6	9.666989371522472e-6	5.3196837147149145e-6	4.070534504993682e-6	2.7503066645563395e-6	2.4250484563949533e-6	1.2556856175498073e-6	2.3586483256514463e-6	5.187984530974871e-5	0.00012995144901146305	3.4673422537700394e-6
6.563082085697689e-7	7.268206290465249e-7	6.814055847277831e-7	1.0036347894439945e-6	7.433744124096547e-7	6.386192699110826e-7	6.166415960004708e-7	7.695485310610285e-6	8.84161086302449e-7	1.3839342586845347e-6	9.313421020460824e-7	8.363841230965125e-7
0.00564043345236699	0.005672296032152876	0.005645821034237129	0.005674151050597923	0.005992196506248213	0.005646856673111199	0.005642144845928759	0.005643109353799752	0.0060115363112762995	0.005785379197569305	0.007276856456817362	0.00562699602722081

=== Valores de M em valor absoluto (Mp + Mm) ===
0.01479767005173423	0.014798299885207426	0.014797795888141157	0.01479833791018375	0.014798339952135052	0.01479770742161935	0.014797645009327589	0.014797738125541658	0.014799549134430833	0.014801424822778679	0.014798673837667862	0.014797842394537627
5.30353047852717e-6	5.601531227437571e-6	6.143966417333175e-6	5.568888343204804e-6	5.00422725051363e-6	4.842287385367669e-6	5.542130286961121e-6	6.166888669958073e-6	4.340612074985045e-6	4.500330789676959e-6	0.000158051808996004	5.66288785082826e-6
0.008969300160250753	0.00896723625110674	0.008969264054589702	0.008969999723777764	0.00897001856646211	0.008969365538865069	0.008969306194018305	0.008968237695383704	0.00896707300056428	0.008971487994402245	0.00897013372251735	0.00896921931060059
3.016358140739249e-6	2.4363512044555315e-6	3.5910112150600717e-6	2.932803026102145e-6	2.9819483855606052e-6	3.008556228977158e-6	3.005408176019437e-6	3.8069123823610505e-6	2.9413027239102444e-6	0.001579703828510121	5.10376355397469e-5	3.0505215108643613e-6
0.0005606461107379352	0.00035256198538719023	0.00047475772174378943	0.0005091461719129752	0.0005972426007761696	0.0005669624011601674	0.0005441759128502401	0.0004218786998627222	0.00043776319826400805	0.0022006677588095637	0.0006100773948456904	0.0004565276633945241
0.012760454766110606	0.012759949607919735	0.012760226175875241	0.012762227108455164	0.012762712920921725	0.012760383530967815	0.012760420202464262	0.01275879428458511	0.012760192508322431	0.01276604358953284	0.01276189502255239	0.012760648416282602
0.01939263285350027	0.019392639861129768	0.01939263801195657	0.01939264283452166	0.019392624761654088	0.019392635092552166	0.019392632725806255	0.019392647315307165	0.019392610667922475	0.019392650609907216	0.019392635498679964	0.019392633581732276
7.452111246429916e-5	0.00021752214811321925	1.5372704357599845e-5	0.00011267884243387961	1.8338672552544536e-5	0.00017650987877946913	7.376516267829935e-5	1.070367366875072e-5	9.548439750521326e-5	0.00023638504425500407	1.7875908843016498e-5	0.00010234168300177286
1.3030305212355215e-6	1.3726268883550543e-6	1.5128175727559533e-6	1.4696374282848255e-6	3.336196895529223e-5	4.36601092821283e-5	1.2277229329647782e-6	1.2322257386419054e-5	1.4699982538546827e-6	1.9123415720094423e-5	7.934387579750237e-5	1.4787159631199254e-6
2.490112224127698e-6	3.0257728931907875e-6	2.5111036600459034e-6	0.00010695388736823184	1.3493901427150309e-6	2.4425097565390036e-6	2.4226081051506033e-6	4.064188685114328e-6	2.705342049229112e-6	0.0019758519918565954	2.9761017220748827e-6	3.063178876219848e-6
6.463672963225423e-7	8.06028951938729e-7	1.0249639918133082e-5	5.357256546618026e-5	7.158616888434709e-7	1.3705999741590107e-6	6.164380240274394e-7	1.577372987494935e-5	0.00018914105897980808	0.0007033228814356628	2.289036764139275e-6	8.060049986791941e-7
0.005642826524189884	0.005653918951130869	0.0056435095478151506	0.005649540844839873	0.005660698191307684	0.005642876252023875	0.00564210390030246	0.005642679973772099	0.005644165416824178	0.005720189972540034	0.00566132557234653	0.00564666782621835

=== Valores de N em valor absoluto (Np + Nm) ===
0.014828972793835275	0.014797669922893268	0.01481037740973885	0.015011550526756092	0.015818810550828385	0.014825294333160904	0.01479751343526119	0.014806075288852616	0.014844118477300671	0.015198653479797281	0.015125044667670099	0.014922465820228693
5.428948060951963e-6	4.803141710580949e-6	5.5414733041261824e-6	0.0002912055937588838	4.60196347561368e-6	5.1351547795188364e-6	5.544966068003933e-6	7.347346485274285e-6	4.623309877205785e-6	2.776919711058466e-5	5.479353593256724e-6	5.11304838876888e-6
0.009022955247509727	0.008955117572816786	0.008977232337694551	0.009534761092758042	0.011432097924031796	0.009024191088148482	0.008969463750461048	0.008973909744055186	0.009131010103878123	0.00942857384834831	0.009282522331979952	0.009091278252827004
2.9510679685248177e-6	2.379910360382678e-6	3.2637371188089096e-6	0.010029140037334672	0.01902586209238636	3.2802783849823965e-6	3.0032112023396184e-6	0.00016372970317642534	2.9821496363997333e-6	2.732655846539827e-6	2.6495671481382432e-5	2.728828912032634e-6
0.0005441072887194647	0.0007443869959441189	0.0005419822494735242	0.014290156480049743	0.029043017960994667	0.0005387830645151317	0.0005444504936946099	0.0006085104481824422	0.0006848145473624506	0.0005888790160034042	0.0005522169155513642	0.0005736227911197754
0.012773019457212539	0.012735872687944901	0.012775146898449424	0.01320054579895676	0.01489206207248608	0.012775640151902579	0.012760603912386311	0.012767076515678363	0.012877361239974346	0.013278625348490239	0.013100280329396625	0.01285853107419441
0.01939272253302081	0.019391115028530373	0.01939260081730758	0.019386318830973207	0.01939694554344365	0.01939284182457065	0.019392625031455172	0.01939264945914527	0.01939124920346249	0.019397210407777206	0.019393418260852523	0.019393217477188213
4.889064831198779e-6	3.2762590129240272e-6	5.86681235775122e-6	4.209642205580741e-6	4.991817872050557e-5	5.020835198317057e-6	1.5206864367743554e-5	6.59994312543039e-6	1.0829091326901591e-5	5.781629473506329e-6	7.67134087448859e-6	4.3224532071710955e-6
1.3216729278103036e-6	1.4352004631526245e-6	1.272636791221231e-6	1.6238047567360334e-6	1.8199444338568554e-6	1.3161987493854388e-6	1.2308227330862745e-6	1.221355433841735e-6	1.2483567918912894e-6	1.385157401986778e-6	1.7908310701127457e-6	1.5338685915509783e-6
2.6027711982573818e-6	1.3011816928031812e-6	2.984782871984688e-6	0.012932880013860544	0.024587269912211825	2.444844164350374e-6	2.4328723661861346e-6	0.00020440370882754289	2.440641459751157e-6	3.244698202949233e-6	2.7991108779248254e-5	6.6469255970954405e-6
6.533173664285458e-7	2.671953590487791e-6	1.0281766328751973e-6	0.0047488900832510115	0.008818472934779087	6.816354742210679e-7	6.221097303396435e-7	8.137779232649557e-5	7.231363600359289e-7	1.5783842448337093e-6	2.1511425224845053e-6	1.7119836257817154e-6
0.005719364275185818	0.005768193932664806	0.00569488503915186	0.007506812368228848	0.016375944297586785	0.0056791523309928805	0.005642892297113759	0.005680733849856496	0.00566002138808765	0.007661840291910022	0.007081792539490204	0.006287104798961469

=== Valores de P em valor absoluto (Pp + Pm) ===
0.0148012858980459	0.0148012858980459
4.849300098575231e-5	4.849300098575231e-5
0.02581661478008413	0.02581661478008413
0.0025950514604564353	0.0025950514604564353
0.009981365217722088	0.009981365217722088
0.017695319840206433	0.017695319840206433
0.019413446045948277	0.019413446045948277
0.04494126302045165	0.04494126302045165
0.004861971892669983	0.004861971892669983
5.807588779759468e-6	5.807588779759468e-6
0.011068467430282548	0.011068467430282548
0.006662222398945152	0.006662222398945152

=== Valores de T em valor absoluto (Tp + Tm) ===
2.8473974095154557e-5	5.450724695332275e-5	2.7489574961359407e-5	0.0003802391091164813	2.7023782820019374e-5	2.6856874777540568e-5	2.6596157530731855e-5	0.00015318213672862855	1.9389214865695498e-5	0.9991320774931314	5.6592616563600864e-5	5.428109806375633e-5
2.072620371987504e-6	0.9861523496642814	2.1326835170381395e-6	0.013709240431962378	2.017118791258929e-6	2.005934696438787e-6	1.9963928925179015e-6	0.00011679878166808615	2.9401104199398235e-6	2.3887437276467e-6	2.011794004067852e-6	3.0479827576155036e-6
2.865483858295449e-5	5.567303713379007e-5	2.7659039590549074e-5	0.0003840926435224411	2.7294564167445765e-5	2.703089632693087e-5	2.676573155483011e-5	0.00015347608324487567	1.101658251631738e-5	0.9991306776487483	5.971420084353345e-5	5.4569190164767754e-5
2.072620414165292e-6	0.9861523496640051	2.1326835714187466e-6	0.013709240431743515	2.0171188711840764e-6	2.0059347236493833e-6	1.996392929893595e-6	0.00011679878197006317	2.9401101782765362e-6	2.388743661443913e-6	2.011794115234828e-6	3.047982893455171e-6
6.189812182575305e-5	0.12225794472274806	7.376388825656334e-6	4.787347716763155e-6	0.0005964309536545723	7.067145527603767e-6	2.618236765284231e-5	0.08590213974141411	0.7911084407235219	3.6013565251045803e-6	5.838395934912374e-6	5.223938419335726e-6
6.189812039440626e-5	0.12225794472285494	7.376388800315532e-6	4.787347712581075e-6	0.0005964309539037302	7.067145507775798e-6	2.618236750781634e-5	0.08590213974151101	0.7911084407247015	3.6013565205321067e-6	5.8383959181288774e-6	5.223938412777249e-6
0.003899840244172549	0.035831768574601	0.004496021636466135	0.0076797956788986245	0.006367073449394429	0.0051826204595746845	0.0038432211677914734	0.5157510918341164	0.3974434908723354	0.007223344103515297	0.004994082656183157	0.004399226767114739
0.0038998402441734023	0.03583176857459895	0.0044960216364673825	0.007679795678899847	0.00636707344939525	0.0051826204595760705	0.0038432211677922523	0.5157510918341163	0.39744349087233205	0.007223344103514125	0.004994082656183105	0.004399226767116166

=== Valores de Z em valor absoluto (Zp + Zm) ===
0.4058202762967955	0.4274223466177567	0.4058202762967955	0.4274223466177567	0.39794391597973494	0.39794391597973494	0.3803158011408527	0.3803158011408527
0.5221731365727798	0.7831566192879533	0.5221731365727798	0.7831566192879533	0.37825969384642866	0.37825969384642866	0.22051662346700307	0.22051662346700307
0.27600141849936266	0.2913693520601286	0.27600141849934684	0.2913693520601679	0.37574435710324894	0.37574435710324894	0.44512231266954344	0.44512231266954344
0.8545076709525637	0.7276781964819931	0.8545076709525637	0.7276781964819931	0.3797183173753591	0.3797183173753591	0.24336969358435856	0.24336969358435856
0.5565574127106957	0.7270538520459299	0.5565574127106957	0.7270538520459299	1.2184588452079919	1.2184588452079919	0.19495049566545566	0.19495049566545566
0.35503250907047496	0.38762123987878655	0.3550325090704042	0.38762123987880776	0.39437607008115233	0.39437607008116415	0.22413109069095602	0.22413109069095602
0.38181164352576413	0.38274258347668727	0.38181164352576413	0.38274258347668727	0.3818605445825398	0.3818605445825398	0.38118891667389415	0.38118891667389415
0.051079315144564125	0.024084196651440168	0.051079315144564125	0.024084196651438357	0.495289892787943	0.495289892787943	0.9092046279946282	0.9092046279946282
0.2689707492000361	0.25575329298946425	0.2689707492000361	0.2557532929894495	0.6047608827926798	0.6047608827926798	0.25808753139582574	0.25808753139582574
0.780568145521852	0.29229467675245313	0.780568145521852	0.29229467675245313	0.35720164158647916	0.35720164158647916	0.3403301838332734	0.3403301838332734
0.16424179066908112	0.9818044674245271	0.16424179066908112	0.9818044674245271	1.3294981660131313	1.3294981660131313	0.2214542603777941	0.2214542603777941
0.5121435871331871	0.6267917981874963	0.5121435871331602	0.6267917981874963	0.4865455530888124	0.4865455530888124	0.3643240810306824	0.3643240810306824

